357.983022173023
392.861383900526
396.136140282008
399.910963805119
400.960043948045
413.952520485263
417.774355170357
425.679806808402
436.102735427637
446.680828880227
469.448543775662
475.274509040401
483.061247201904
483.476873713109
483.807355605245
484.071004474446
487.223288593530
489.129990395826
490.066599385227
490.371089807704
493.361614117610
493.606741804044
498.355719119549
498.863277845613
506.200930855375
506.913106598178
509.269631800513
512.359144350232
515.387882486789
519.146562093771
520.038213474739
521.425431443403
521.684139107118
523.643984544708
523.798364770603
524.340078316016
526.819664294659
526.878682769264
530.721782077186
530.966712734647
532.045244501745
533.817338662909
534.219223813952
535.185489456370
536.373097640819
536.713367459834
538.988277545708
539.416369305241
540.359871737727
541.218868089169
542.131200587856
546.620398206242
549.436886469371
549.965121450785
550.249895301800
550.348580195530
551.670657725240
555.158164367182
555.413341538415
555.598329377366
557.301323889599
557.714145149472
558.305438893940
560.060018119550
560.850573028203
561.621639203976
563.585161615690
565.822146864506
570.003684941971
576.614420168443
577.153099605073
580.288845826113
583.906068760206
586.749495382866
587.525888723763
587.713010531891
590.521107236336
590.592616754899
590.726522613537
591.778230172001
592.604375633494
593.322158073859
593.426147686333
594.323197961858
595.320353506983
595.539339439519
598.314559661296
603.299101150038
605.323116892696
606.418690549140
606.534983295244
611.047958127687
612.785817551274
612.808058512798
612.949044865753
613.870216911909
615.491389376903
616.974341454973
617.256355370024
617.721869826862
618.313672990541
618.616542098609
618.824716813454
619.440563590794
620.796609860900
621.578201221464
624.629619455441
624.759980666742
627.812259638168
628.029848654818
628.945266538273
630.034343428569
632.293445003416
633.611443370256
634.031262054804
636.669436001048
638.271503657143
638.573248639652
638.687642968836
639.426331192057
639.827153851582
640.358850619744
641.645297168799
641.710343676535
642.410546914291
642.849015061096
642.863898441319
643.573639262352
644.491893954473
645.330689114239
645.816788794518
647.371003179941
648.088133572267
650.461716308409
650.512589997737
650.910319141059
651.693058171881
652.070836331441
652.505315542339
652.707263075318
655.886063401516
655.993236254329
657.037830097939
657.344918344875
658.195775088389
658.724545269095
658.770473379058
658.844236438450
658.978541220942
658.999576221616
659.047128923833
660.022198099223
660.095692886446
660.533950461067
660.821078632028
662.087601303399
662.241239207533
663.347924937353
663.568624032441
664.537157203409
664.958399155652
665.393373138830
665.760873919549
665.779626213620
665.862406358916
665.875225840293
666.398134721704
667.017314190631
667.190408013625
667.373212349558
667.377261026903
667.387231800767
667.443948501784
668.157313068392
669.731791301661
669.738518611466
670.064270772984
670.707911174090
671.879902880597
672.395319382707
672.549494832487
672.936279744957
673.771462919412
674.139903740747
674.500944864218
674.756839678191
674.973243730978
675.326525726981
676.252451043778
678.044040232859
679.650029273084
680.530832871059
680.779639682187
680.853700030292
680.947377453366
681.767421700614
681.924241966667
681.950495556442
681.972274871409
682.027365312072
682.248791131370
682.779716711276
682.904698061702
683.899605254042
683.934135854633
684.869791317974
684.974136158646
685.464571786126
685.850688647381
686.095484052591
686.948442400662
687.055398433407
687.652855303133
688.030286715341
688.112080104514
688.499848428452
689.629858622480
690.143220890099
690.281969019903
690.387403667420
690.892721105001
692.180120516800
692.858787317688
693.627263281074
693.744553488151
693.883644950434
694.073106945727
694.578258675074
694.960917546432
694.995972872881
696.228696710143
696.414937748175
696.623474170195
697.240428151492
697.322054602301
697.582452009439
697.591467716015
697.598018771775
698.233917212707
698.293434685536
698.968858840120
699.483519502799
699.820417818305
699.894027269550
700.306832438319
700.511725709938
700.562427867434
701.080654319786
701.104069046135
701.350435766400
701.421752178196
702.585515433685
703.572953120736
704.071274273341
704.567807881423
704.927579910028
706.030220611325
706.377300659802
706.820320651000
707.224048035831
707.332965456955
707.427427225251
707.630187695515
707.745220134305
707.972426066892
708.299073854105
708.463391275213
708.623479216258
709.160864763757
709.857328107571
710.843042299742
712.810774418619
712.818914877817
713.395701522894
713.410923204896
713.588825918182
713.896561018625
714.000972121945
714.213853425666
714.895711956327
714.924053402565
715.060233928929
715.388422346149
715.444546634380
715.743811365735
715.954383122295
716.119399327653
716.261850626175
716.836037948911
717.219711785022
717.321122343018
718.180680371510
718.366371330722
718.512565502424
719.151054033317
719.308143362539
719.357725306573
719.583655705746
720.072689032211
720.113764525996
721.355072986151
722.613425979280
722.782337880242
722.878054322261
723.193041981602
723.378223430041
723.930165515561
724.559748754985
724.660892315505
724.717300165237
725.093262199310
725.516925760019
725.610734139330
725.666783902916
725.759211572093
725.828354130633
725.875878486204
726.297791736015
726.385567644414
726.572315308114
727.135353833805
727.270006755397
728.024119764760
728.842997282651
729.337527708865
729.348440491303
729.532082567634
730.185810514356
730.538130484052
730.651608296424
730.747228194556
731.032766704717
731.059372822332
731.254179215746
732.187092879359
732.502326448793
732.904497391255
733.285128346720
733.335743217442
733.844640459758
734.593832914835
734.663296850586
734.925846092086
735.218256554027
735.231242234382
735.433670355494
735.582556597396
735.724181746823
736.159748590120
736.348549077319
736.397008871166
736.400508324403
736.499415761957
736.514657000314
737.079189700965
737.539835591598
737.915415924697
738.000982085547
738.402514094221
738.746628835626
738.979302430245
739.258439687657
739.420051981681
739.496760264057
739.898656494963
740.006485079168
740.218711203849
741.247782751047
741.524043896805
742.303271097980
742.374915267679
742.645181096711
743.530794883071
743.666293559545
743.729388192560
743.766484982130
744.198596009409
744.487609394879
745.679605071825
746.054749235514
746.064473783734
746.544784878573
746.735324897823
747.212465722114
747.588260867912
747.648878851664
748.220924546047
748.784472658149
749.029942628982
749.194306218086
749.346169733528
749.550116092148
749.603935084737
749.890671625766
749.920525021634
750.277729604968
750.860377587978
751.219669596986
751.328661892109
751.461978266744
751.539436118465
751.581055315110
751.744383522549
752.018691463609
752.173894363940
752.511138715784
753.099059472638
753.139660687687
753.654810336860
753.679889820960
753.974751885005
754.246816029419
754.525849805099
754.666858984818
754.739086061921
755.115051310045
755.267241719979
755.366875134868
755.866976826599
756.532437295464
757.853696660956
757.912973420039
757.941655687576
758.205817864095
759.414437862051
759.592549402002
759.697488639351
759.787891587612
760.841772406251
760.861553568587
761.139859514946
761.179961458080
761.184239346591
761.676312597417
761.782558146599
761.878287648876
762.522595471120
762.961086752070
763.268435057817
764.290815284094
764.656598358722
764.718167776845
764.941108343244
765.443881021850
765.486323619900
765.931521415858
766.218743845028
766.525570724742
766.894559799279
767.606659664139
767.692139132610
767.841728038546
769.806752342110
769.946803019227
770.827907800674
771.948159495775
772.264428588654
772.284584897802
772.290446940606
772.563175372797
773.202850162373
773.806432556156
774.400877548704
774.409378808767
775.160792716623
775.322593664696
775.421057572253
775.902878810424
776.026377022714
776.493894317243
776.561720246010
776.583558209296
776.846171457848
778.030763185670
778.320964694277
778.769371042405
779.175013896476
780.085498716636
780.705650015652
781.054676811864
781.403045343005
781.833175242709
782.266042735068
782.283404914579
782.804110689378
783.001927441859
783.069804953615
783.073749143005
785.790487680860
785.865857432975
786.015627112557
786.575233881384
786.713938813913
786.773685147447
786.841115788947
787.059797584530
787.480343067602
787.680306650155
788.052014772552
788.254870336906
788.655385165960
789.076337515517
789.100012414633
789.353090173597
789.890646753951
790.025409675628
790.256617459717
790.303144935110
790.804033916026
791.067240371393
791.133008103200
791.778845916823
791.885957399954
792.143840226070
792.513135240362
792.685972279081
792.714079180994
792.925811478167
793.067901761432
793.495696981014
793.789425260525
793.983604251323
794.499312452387
794.591306068944
794.691022249951
794.945489741579
794.974783364882
796.336009980235
796.983700671720
797.057211036621
797.363381963606
797.457567547971
797.588471249513
797.603599854582
797.680371734657
797.781837724383
797.871624653925
797.979805848576
798.438194104015
799.037065435061
799.304756814707
799.414282239566
799.461401801872
800.223724923561
800.446921368734
800.955981092556
801.483540607231
801.495363782451
801.600720968112
801.966367141486
802.032223787223
802.405471087044
802.450596825451
802.513773350301
802.631178744639
802.973640521929
803.197144248628
803.740425669249
804.572095837682
804.746656632843
804.888461386599
804.976693015999
805.167522945251
805.383649842010
805.659342586690
806.211557104752
806.451782416330
806.867051632289
807.093347234776
807.845700718233
808.043078465364
808.565451222421
808.643012715169
808.715757989356
808.909757155495
809.002859486402
809.125802319976
810.422130251892
810.524358281350
810.533370297068
810.745535925165
811.776983412415
811.803628079530
811.845259395171
811.930377165080
812.248420573197
812.891129751929
813.008641992790
813.857761401338
813.909932207713
814.436557388102
814.505774962651
814.641997621763
814.931037252810
814.969341244443
815.088353701078
815.214546812812
815.766744631340
815.824229900838
816.035698362005
816.109294872107
816.349133181891
816.417541401092
816.612693966131
817.385184674930
817.854843239253
817.931969301694
818.542229414259
818.738081148173
819.378202751715
819.378735343800
819.560907869989
820.489856954937
820.648748099043
820.743875947353
821.119279440253
821.479026471147
821.511814290653
821.586420433393
821.619183239674
821.858824567536
822.536268491362
822.725686106765
822.826569145469
823.167463175384
823.194022534915
823.742072173303
823.759388833837
823.940158495216
824.246519948302
824.612373017360
824.725498131193
824.910844658891
825.538866368962
825.775492381172
826.058715058552
826.102831272070
826.160837776877
826.164412324741
826.613152283143
826.994231661308
827.350168323868
828.133575299100
828.247221662601
828.353423628988
828.613554647489
828.966273671340
829.214206647171
829.229523977988
829.408867438941
830.305626207757
830.448562795675
830.956376913111
831.014125821766
831.683037094560
831.754768710978
832.176417608667
832.861685359291
832.962408495135
833.504718440398
833.541071846879
834.026309166798
834.328750114695
834.435891333402
834.866350408117
835.055801404029
835.098548513764
835.558953412810
835.716701338538
835.877596483057
836.546364880269
836.548927234273
836.750262755089
836.755817459495
837.078915616444
837.371920444691
837.397754443250
837.546901944883
838.951771478438
839.146189005795
839.558849375305
840.381643669838
840.478633520201
840.892855876353
841.022787050925
841.210571304891
841.517204339940
841.592130960946
841.735928737572
841.800818926469
843.969072791431
843.980622510636
844.044822878569
844.746740069589
844.760002974815
845.613855505843
845.711092633832
845.840799981070
846.400219285766
846.911440106844
847.610191775099
847.996695013891
848.044638202431
848.142873417356
848.591853752048
848.726744142069
848.865697677516
848.925635550012
848.976877426617
849.102219869623
849.675859649475
849.785678090949
850.150215432196
850.356670535568
850.681607341924
850.748616025588
851.174653009174
851.988291738093
852.385673460977
852.532868690848
853.706427818018
853.715553393708
854.280482979536
854.366669778555
854.960744808712
855.712118571547
855.818518939365
856.049674410134
856.054863155400
856.161982812851
856.808852716847
857.097860725834
857.654845888327
857.800239595968
858.078544505037
858.291842337487
859.038088542817
859.053498996926
860.513511707155
860.756887850484
860.805512642721
860.819992278920
860.862104264614
861.445088449730
861.765201591735
861.853359555846
861.967268396231
862.339059672439
862.576336016920
862.632410479508
862.755880076987
863.068920766285
863.280538905206
863.447303919145
863.502733384702
863.679149177463
863.969043533809
864.114005489558
864.424129460282
864.744547661510
865.786730929120
866.122781075069
866.396144255046
866.900864053839
866.929953998747
867.157771459701
867.497928625876
867.883472473385
868.078795222869
868.527433001307
869.301113323215
869.544038728971
869.638258592125
869.711122900232
869.721552655032
869.802277404867
870.246483146880
870.829764929810
871.149192513139
871.168406278185
871.179004901072
871.550885047202
871.672945764858
871.868184241984
872.641395183246
873.217677941950
873.829154490167
874.043147802168
874.485899281338
874.926684009600
874.976963763198
874.983335559876
875.047637189664
875.352599304466
875.402970096364
875.754562914553
876.308782035994
877.203810859113
877.344341804134
878.133754147152
878.617202909734
878.890891868444
879.118267607258
879.223087947687
879.902876913744
880.746868933014
881.790430513428
882.298225483919
882.862641021659
882.962577529881
883.678999492862
883.714650936066
883.847866829247
883.868755260038
883.917366104261
884.384425994022
884.530991169799
884.781823813676
884.844167973604
884.923473254691
885.098446456388
885.389863274159
885.432316230028
885.481968916613
885.854218465892
886.186643123135
886.539606430667
887.020425134180
887.356951715289
887.372680786164
887.914471960836
887.959586452433
888.408664792675
888.534022942462
888.679225709033
888.926444209076
889.115515449643
889.169634219245
889.445102876712
889.563441580371
889.977388090725
890.118276338026
890.756921368491
890.988359157791
891.354682649799
891.375245596747
891.560126890645
891.795930002467
892.031868675645
892.125150790976
892.386013395160
893.394929390106
893.921262738979
894.443087170538
894.684538512236
894.970425003294
895.114517960493
895.120083464890
895.434536695443
895.993652171468
896.031198619401
896.586180391948
897.479712477607
897.513422797422
898.017496548745
898.145821613925
898.180395307250
898.383595567665
898.394460533747
899.064054692488
899.374581184535
899.395370839270
900.440782543707
900.566744017606
902.506425247952
902.860491853673
903.347313260397
903.863723151021
903.871052147300
904.855650764504
904.980275527405
905.208434121381
905.234071715043
905.284236389227
905.329756321961
905.519307825660
905.854005638842
906.374414559798
906.416112397317
906.484141604662
906.804373586415
907.282886305083
907.404556338287
907.979542917280
908.409928410861
908.649003257697
909.067574658435
909.654558798426
910.074411343410
910.298407832284
910.317163523347
910.553712462926
910.686107502686
910.918974706556
911.876915298313
912.044067482323
912.060368756712
912.565543984797
913.247032346708
913.251345662953
913.427036622485
913.705480706263
913.775894289035
914.294934976098
914.728032451985
914.837830721593
915.347016409168
916.364033650625
916.600598402659
916.908782885968
917.084162618903
917.139296950626
917.302780381443
917.309111787208
917.398799342559
917.729229659682
917.929185361259
918.040344663887
918.095417413760
919.100778162517
920.361861224480
920.623739416514
920.984519705753
921.507268674165
922.974809174049
923.310720138808
924.308331314656
924.652833761990
925.479472424107
925.675188835441
926.034485656798
926.139746262463
927.128394315490
928.016135967802
928.061480071256
928.590833562364
928.962673643519
929.224154776392
929.229854213816
929.370958758062
929.913819645597
930.764693537798
932.121072305427
932.478603469060
932.910620826751
933.642770275595
934.368858484650
934.524398877308
934.945232157098
934.978356590201
934.985647031382
935.444083932657
935.551067971071
935.649629589793
936.348072150893
937.102848392157
937.369226778285
937.467108964130
938.153927490480
938.180420612998
938.668690726211
938.907921692483
939.725843391756
940.289348165118
940.924811419365
941.531028644690
941.727149251686
941.839494391063
942.425621927851
943.138638863107
943.713299891095
943.724719759459
945.304726014202
946.691449454369
947.178752667839
948.069709547068
948.318602241789
948.599205374386
951.886477822963
953.203780604165
956.079154292991
957.768253649763
959.643042518212
959.967090119967
964.846352677914
965.781085888588
969.912973436423
975.203746505440
977.626048114090
985.957426782109
