0.00000423448626077472
0.00003892714632103740
0.00005240620106907600
0.00015167367912667700
0.00027036008321970800
0.00033056732202900800
0.00039437090066554400
0.00046619939211608900
0.00047913105876018800
0.00057322066998221500
0.00062892611295074000
0.00069950377933729200
0.00083519167170756900
0.00109376291256935000
0.00111572994943875000
0.00122201134224318000
0.00123733196459794000
0.00125017102430350000
0.00139936504877662000
0.00142559035948763000
0.00144978450280453000
0.00145833637040790000
0.00159502207578416000
0.00163008122318222000
0.00163746231623297000
0.00166074107058874000
0.00167450526593719000
0.00186159411466469000
0.00214092517555154000
0.00216619513534863000
0.00218948613640202000
0.00228915470677240000
0.00242925435610046000
0.00274486430275629000
0.00284727698664318000
0.00288500613941838000
0.00298204493752191000
0.00313692139735145000
0.00314065431466759000
0.00314529335785681000
0.00343177024244234000
0.00347069074984088000
0.00348542005039608000
0.00356348315728702000
0.00356768077448411000
0.00385463548024063000
0.00405129872187327000
0.00410475226116205000
0.00411691566156140000
0.00441816373384711000
0.00455844659536568000
0.00458839617085492000
0.00471575758302325000
0.00478491851487965000
0.00484171398055307000
0.00501765055599340000
0.00501778776681101000
0.00517880569762936000
0.00535372082457978000
0.00564301243048147000
0.00631954621368172000
0.00691164401418674000
0.00700843378902648000
0.00701230384844576000
0.00704622488567414000
0.00718918254713785000
0.00726852186738357000
0.00736963051108237000
0.00737360018266562000
0.00758773258006406000
0.00759911543022078000
0.00779942409033127000
0.00791395033745772000
0.00798843329873060000
0.00824457460822500000
0.00850946386479146000
0.00867419167314707000
0.00883720839595476000
0.00890510492148903000
0.00930990250845566000
0.00975931775033024000
0.00983923066753593000
0.00991786208103960000
0.01006847548603910000
0.01017898511152700000
0.01078156360814690000
0.01103225685776570000
0.01127753414073960000
0.01135204479079630000
0.01142864269031040000
0.01144121861568520000
0.01153300568838860000
0.01176602265232550000
0.01195419546931390000
0.01220906492082280000
0.01259457464711200000
0.01270871840820360000
0.01281032500869910000
0.01312473438550430000
0.01347032882891980000
0.01366356727724920000
0.01381417812742880000
0.01400207294299200000
0.01458724706348800000
0.01464982478626320000
0.01467080699952180000
0.01467953378950370000
0.01469023919464420000
0.01516733773900310000
0.01562973350810540000
0.01564496177727200000
0.01673517575186790000
0.01727384470061860000
0.01738363147000890000
0.01795039817295820000
0.01795533889718770000
0.01809924126681100000
0.01823485587977780000
0.01869955002058300000
0.01888534645811920000
0.01904793859819040000
0.01907552005481060000
0.01938130188115760000
0.01939638551664130000
0.01939709687539730000
0.01968591171220190000
0.01999222836533390000
0.02146394150408640000
0.02156685550114770000
0.02176583202219660000
0.02213923522924840000
0.02224409470584160000
0.02224668668397740000
0.02239738227419510000
0.02257933248578100000
0.02281162087839700000
0.02307496155267210000
0.02335723160107430000
0.02337720320756510000
0.02389291705475400000
0.02460359200223310000
0.02521880461807740000
0.02587203875526790000
0.02613316456527100000
0.02623188702636270000
0.02643143941062680000
0.02673923587240950000
0.02688041269464250000
0.02718992160764360000
0.02724567452723180000
0.02743412310531030000
0.02749548299896870000
0.02851724805353060000
0.02917746780563690000
0.02926674789015670000
0.02957964560872750000
0.02984483356591110000
0.03096023113029370000
0.03135934429111420000
0.03183272511187490000
0.03260968029715390000
0.03299694345128870000
0.03353990892063240000
0.03359048656149580000
0.03397699168269170000
0.03399437238900650000
0.03483127311446200000
0.03645605455108630000
0.03681377085463160000
0.03695245551420610000
0.03696026456639480000
0.03741199588084220000
0.03770653296682510000
0.03773886293743300000
0.03787191037623750000
0.03820293836755410000
0.03821124634464210000
0.03914929784177790000
0.03925238204188810000
0.04213724905094160000
0.04344319216498670000
0.04363645560303860000
0.04382819582148450000
0.04391990290211690000
0.04450836755968750000
0.04451755987147120000
0.04520686011228580000
0.04675388005365460000
0.04706089931986310000
0.04727500858581970000
0.04820237187608820000
0.04837893131658210000
0.04883715395775240000
0.04898696828701930000
0.04928738532611190000
0.04988901320765230000
0.05035772232270000000
0.05054752400873670000
0.05124195225377370000
0.05437179551276470000
0.05545848083579890000
0.05565420672258770000
0.05576469341767150000
0.05624159327628280000
0.05814845620778470000
0.05830184873493330000
0.05853364075566320000
0.05878710974313570000
0.05891072201389680000
0.05893480114353620000
0.05959335324429800000
0.05974758724655470000
0.06070688781491570000
0.06084256520048410000
0.06174753761041920000
0.06223814727548960000
0.06310011156669760000
0.06319715664355560000
0.06403519368386680000
0.06412976546098510000
0.06456934313648430000
0.06471628886151840000
0.06669607003842290000
0.06712678162995920000
0.06721159898851010000
0.06726140022852680000
0.06764641789172150000
0.06891041081973680000
0.06904735780697840000
0.06959536721681960000
0.06981337780645360000
0.06994213043615990000
0.07031270696176260000
0.07078456499840760000
0.07234314656273440000
0.07235094775527570000
0.07240255994297620000
0.07426459627229080000
0.07542970318561990000
0.07630482956587060000
0.07666007462523000000
0.07681503806214780000
0.07916059746149360000
0.07976120254491400000
0.08037175919489250000
0.08196665260595690000
0.08251907575480570000
0.08291473291965000000
0.08552828466094850000
0.08587827830182540000
0.08605719406393720000
0.08685243151675330000
0.08687230988767870000
0.08719173214322310000
0.08868801546634580000
0.08995830064553500000
0.09110999404683540000
0.09141455990538200000
0.09155201960525350000
0.09199218786140280000
0.09201996696624760000
0.09202170895676900000
0.09214661586103040000
0.09381723320415860000
0.09390134519301780000
0.09458116964345420000
0.09579111164795120000
0.09652823215536200000
0.09667633360459140000
0.09790845743082230000
0.09914336997540990000
0.09967423450030570000
0.10091233498404800000
0.10099183645406200000
0.10131258827370400000
0.10209937741818400000
0.10318901916633400000
0.10403907544628000000
0.10457252549177800000
0.10588000092495700000
0.10597671916169600000
0.10736784235307300000
0.10774473102711700000
0.10806580916122700000
0.10835934487457400000
0.10873408074514900000
0.10910179937817900000
0.10935890136493600000
0.11045233349467000000
0.11071627409865900000
0.11119619165446200000
0.11209214859026800000
0.11250154810225700000
0.11397695702529100000
0.11446047803879800000
0.11498546728229900000
0.11556600768211300000
0.11592746946804600000
0.11660940823817000000
0.11801433364595200000
0.11817956546687900000
0.11897152634559600000
0.12058951552624200000
0.12255574540533100000
0.12276999211112400000
0.12279472659928600000
0.12324438960439100000
0.12733396579999900000
0.12824326965577600000
0.13117722289893800000
0.13123522643901200000
0.13300308496467200000
0.13349725197680700000
0.13371178567632700000
0.13452065641459200000
0.13456888604683000000
0.13470267536092000000
0.13680497207172300000
0.13738425948462200000
0.13946775685053700000
0.14077756804173800000
0.14118793248191000000
0.14147089441354900000
0.14280019916220000000
0.14341291459402800000
0.14382362745538000000
0.14477160451298600000
0.14745941742795600000
0.14809801987073900000
0.14818894423312200000
0.14971273759313900000
0.14993572558087600000
0.15163674408467500000
0.15178407732500900000
0.15210397977355400000
0.15355424148739300000
0.15383184998182300000
0.15531949832026600000
0.16043818000402200000
0.16164508072101800000
0.16259127793205100000
0.16333176040220900000
0.16509336453715100000
0.16702819504169500000
0.16882355360982500000
0.16932986099920900000
0.16975256507259500000
0.17117589526677900000
0.17250268643576500000
0.17388615967108100000
0.17615388585150800000
0.17628930836076900000
0.17640092633770200000
0.17702774514939600000
0.17799122337203600000
0.17906336704157400000
0.18030924859869500000
0.18424353164139400000
0.18543509713010600000
0.18652184168437200000
0.18772959633493700000
0.18780123101494000000
0.18890722474227200000
0.19135479988761100000
0.19290766514612300000
0.19534919805854200000
0.19603647714699900000
0.19843770118664300000
0.19967969472280600000
0.20020757790731400000
0.20211929015368100000
0.20344526204562400000
0.20483371715323200000
0.20594445150561100000
0.20731543099480800000
0.20762996803470400000
0.20793426320748000000
0.21166868007075400000
0.21255166626224900000
0.21284389539565400000
0.21444562449212500000
0.21534851082577800000
0.21657540884093600000
0.21672766890698400000
0.21680734769219500000
0.22018752054890100000
0.22128221515348600000
0.22134066488300300000
0.22300889123558100000
0.22303083474353700000
0.22423197473508100000
0.22822287320502200000
0.23092064089299700000
0.23491177339329900000
0.23554488187516200000
0.23728492457448700000
0.23820233503140000000
0.23893805023809800000
0.24011177782671200000
0.24095419043382600000
0.24313574137527900000
0.24333208919465700000
0.24459203116940300000
0.24738971345103300000
0.24827202964082900000
0.24863706351189700000
0.24980619440084200000
0.25029646777802100000
0.25347843032931500000
0.25422360337365000000
0.25478241786830600000
0.25675268345578400000
0.25697747457535900000
0.25938411641933300000
0.26074552103764500000
0.26655609127022500000
0.26833642571474500000
0.26858332069061000000
0.27098307344598300000
0.27102450210658500000
0.27186301187145700000
0.27361394899676400000
0.27589074725716800000
0.27595886607636800000
0.27618734067590400000
0.27664553626750100000
0.28212808467675400000
0.28753186546980400000
0.29081246131423400000
0.29245447805682400000
0.29295903771633500000
0.30197908584262300000
0.30217736853601200000
0.30293092380267200000
0.30357477703482600000
0.30899069126621600000
0.31298944492010800000
0.31842950475350000000
0.32463441342657700000
0.32667842141950600000
0.32812835534705400000
0.32900122485737100000
0.33135912057743900000
0.33381970214407300000
0.33393301766844600000
0.33494652041804600000
0.33495637930218700000
0.33612791522396700000
0.33728982882575500000
0.33732712785278700000
0.33981354836062800000
0.34118658267337800000
0.34155093543009800000
0.34346233414566900000
0.34720523131628200000
0.34758437774261300000
0.34935613620141600000
0.35261244830767000000
0.35710135839964300000
0.36049633147665600000
0.36260088743455900000
0.36307955204470300000
0.36423603691968100000
0.36801995638468800000
0.36903260469175000000
0.36928675256215200000
0.37196150898302800000
0.37231601396455000000
0.37291848647704500000
0.37384062236553400000
0.37412283298027100000
0.37800033641941800000
0.37976074455773700000
0.38001777005894800000
0.38096213508886900000
0.38184189376684000000
0.38201455330647600000
0.38235812851128200000
0.38969442231018600000
0.39059131625870000000
0.39084366339604500000
0.40844196769496200000
0.40901503792179400000
0.41299290372437000000
0.41366534076897000000
0.41517921177679800000
0.41752859124597300000
0.41946932004659500000
0.41999638640409000000
0.42161224652906500000
0.42201597267482200000
0.42654085724859200000
0.42745612120396400000
0.42766565206032200000
0.43105226720566800000
0.43156820744187700000
0.43761321588511500000
0.43771023699655100000
0.43897249338643400000
0.44007403395336400000
0.44178228255512300000
0.44198509454608200000
0.44343212052735400000
0.44418184042258400000
0.44869436641672500000
0.45009833447315700000
0.45145669333214900000
0.45359281568145000000
0.45400660946528600000
0.45658710959918400000
0.45765256259644900000
0.45790785989873500000
0.45838245029021700000
0.46004356628776900000
0.46027980178190000000
0.46158851982773400000
0.46166668859621400000
0.46591922368098400000
0.46841854712073100000
0.46936218307533000000
0.47172647014464100000
0.47400055997566000000
0.47456607336113300000
0.47609468510289800000
0.47662672114639600000
0.48760348295009400000
0.49315168440603000000
0.50044074732006600000
0.50736117804460500000
0.50762240070999100000
0.50769381633389900000
0.50991247553510200000
0.51386307705073000000
0.51431624424061800000
0.51433657766593300000
0.51667481380153600000
0.51763213239525900000
0.52361694854716500000
0.52763199028631900000
0.53010576452887500000
0.53125716027365300000
0.53333413335324600000
0.53454022838419000000
0.53779837181732600000
0.54233606081274700000
0.54327774155704700000
0.54525070925460800000
0.54575180557307900000
0.54946305891689700000
0.54965532699058800000
0.55097955134146500000
0.55192963776751200000
0.55321012638880500000
0.55841912020870500000
0.56704197164012900000
0.56901815210032800000
0.57226154953513900000
0.57291626590017800000
0.57352543466807100000
0.57777050225243400000
0.57850564409116200000
0.58398965962188800000
0.58471321313792500000
0.58543257875698900000
0.58596036443882500000
0.58873957900153100000
0.59149422354029100000
0.59276554807171300000
0.59560264049073300000
0.59765970693498700000
0.60032347141815500000
0.60078943790320800000
0.60167294227990500000
0.60321532805736100000
0.60657834938074400000
0.60659269517501800000
0.61172333886067700000
0.61685856756528500000
0.61911935632838500000
0.61981940062391200000
0.62835375671111500000
0.62900365038936500000
0.63986006886433500000
0.64091920173389100000
0.64148307889809900000
0.64170865355787800000
0.64276471463543100000
0.64425137569937300000
0.64482081105346400000
0.64765118814788100000
0.64790564526392900000
0.65357213590484300000
0.65622428129510600000
0.65707604126635100000
0.65818546022057400000
0.66139405348882000000
0.67074742788684400000
0.67371027382946700000
0.67555655464585800000
0.67760358769179700000
0.68673175192744500000
0.68767493640872000000
0.69049266232045400000
0.69529226113898500000
0.69636600711166800000
0.69925000424598400000
0.70165589841342900000
0.70220447105631600000
0.70760351852124900000
0.70897626143793100000
0.71183721537613300000
0.71387081913394900000
0.71477526518340300000
0.71678357725589500000
0.72340753123829800000
0.72776863622906600000
0.72907353263046700000
0.73588850184066800000
0.73740353119897700000
0.73850023493747900000
0.74697340923195600000
0.74784730771436700000
0.74827209383107700000
0.75180834695190800000
0.75217064250514100000
0.75223174358754400000
0.76395694368014900000
0.77346232550381200000
0.78399774986623100000
0.78516408962708200000
0.79252941755084000000
0.79606712162185500000
0.79768432182788800000
0.79947005380782200000
0.79954341447004800000
0.80300880848368600000
0.80369189925231300000
0.80555225946001300000
0.81130809180416800000
0.81135061244653200000
0.81874105186183700000
0.82053769716563600000
0.82623787934182200000
0.82646740208298300000
0.82782504758346300000
0.82901014187781000000
0.83801080819658400000
0.83965296867001100000
0.84017718342582200000
0.84126885939796800000
0.84251540417154100000
0.84410473222872100000
0.85030101044215000000
0.85124632790357500000
0.85231100390868500000
0.85246076220008500000
0.86089602125249100000
0.86595538602444100000
0.86875066305078800000
0.86878879805517300000
0.86895640650543100000
0.87179083761153600000
0.87509262049806600000
0.87720477074303000000
0.87929770878747800000
0.88465126488423200000
0.89276932895306900000
0.89381288966549300000
0.89467586887990000000
0.90824852786507800000
0.91129092679214100000
0.92421812690230900000
0.92717376781774500000
0.93058640573150000000
0.93241551074472300000
0.93531018539303200000
0.93599795941069100000
0.94973004928688600000
0.95588726701065100000
0.96745834277177000000
0.96887980556476100000
0.97063238735070300000
0.97459157104234400000
0.97685532483090000000
0.97894529041027400000
0.98080526996259300000
0.99098893375708400000
0.99339884178089400000
0.99771813822635500000
0.99866507773351900000
0.99889607961075800000
1.00272074788900000000
1.00678775125742000000
1.00736693772556000000
1.01329614991625000000
1.01745337672401000000
1.01978888679434000000
1.02389282348368000000
1.02676834582491000000
1.02860810176233000000
1.02925559645101000000
1.03856758897655000000
1.06308711811046000000
1.07282430859531000000
1.07422292069538000000
1.07756580134285000000
1.08330791230822000000
1.08564857006219000000
1.09176907850324000000
1.09825491782530000000
1.10016404940952000000
1.11964666363900000000
1.12203248135515000000
1.12995584637116000000
1.15882624311186000000
1.16635570916457000000
1.16794715522732000000
1.17387992319456000000
1.17702710907059000000
1.18141940544964000000
1.18197500149147000000
1.18620039734887000000
1.20234504327016000000
1.20331974471386000000
1.21025139771202000000
1.21490443852159000000
1.21807441648776000000
1.22186267997742000000
1.22241370199688000000
1.22797095881822000000
1.23866291385432000000
1.23952553251759000000
1.24226047103883000000
1.24226634441361000000
1.24255296294912000000
1.25455962365267000000
1.25538692080289000000
1.26873938568026000000
1.27032226834140000000
1.28036413242508000000
1.28403182471028000000
1.29221671106284000000
1.29775092136549000000
1.30581222347558000000
1.30729381873431000000
1.31414421862804000000
1.31446904574995000000
1.31761083052618000000
1.33623437538827000000
1.33720921379982000000
1.35088273398303000000
1.35114380868843000000
1.35395121904675000000
1.36413271314940000000
1.36827402343932000000
1.36882063202476000000
1.36967259197913000000
1.37899683669258000000
1.38915261255607000000
1.39293812846220000000
1.39352609579688000000
1.39597599280955000000
1.40386718577355000000
1.40569430501314000000
1.41794398236191000000
1.43381271688576000000
1.43681429018356000000
1.44008572721064000000
1.44477115527190000000
1.44803377093997000000
1.45049421045424000000
1.45273932239087000000
1.46719600111296000000
1.48241090644934000000
1.48254304510576000000
1.49140925057475000000
1.49473733519480000000
1.50322307711007000000
1.51585446897578000000
1.54656111692803000000
1.55172071672658000000
1.55364064207359000000
1.56133519565626000000
1.56652844230693000000
1.57069405760812000000
1.58207715272806000000
1.59149892734392000000
1.60404293768278000000
1.60759663960815000000
1.60908709502523000000
1.61556152851595000000
1.61736594435729000000
1.62264110010640000000
1.62455737650463000000
1.63170037741143000000
1.63765077075115000000
1.63957636572785000000
1.65647526788460000000
1.66267788414179000000
1.67099325116428000000
1.67231131762537000000
1.68211504801476000000
1.69498567730418000000
1.69652838309386000000
1.69998493085236000000
1.70378068041148000000
1.71431085604795000000
1.74758224555253000000
1.75176123970820000000
1.75232020469508000000
1.75236763229738000000
1.76017658200443000000
1.76252677320160000000
1.76722860417598000000
1.76737519163857000000
1.77382956596257000000
1.78950755965908000000
1.80108177976971000000
1.80783056557722000000
1.81474585652494000000
1.82209593736391000000
1.83000788760554000000
1.84088573760563000000
1.88305781012564000000
1.88341367122197000000
1.88467782455606000000
1.89776079487418000000
1.89911715309013000000
1.90013249627014000000
1.90453578382362000000
1.90793319410557000000
1.91173776830331000000
1.91216760372734000000
1.91477972407881000000
1.92794265189150000000
1.94363859846699000000
1.94833410267834000000
1.95546897688127000000
1.96624844110554000000
1.96967609075219000000
1.97909657123099000000
1.98519264588520000000
1.99519829638864000000
1.99631911705447000000
2.00551507357670000000
2.01115833560438000000
2.01781042581807000000
2.02509939637582000000
2.02589372722791000000
2.05611733112785000000
2.06524084071379000000
2.06671265737437000000
2.06791354000082000000
2.07779153105434000000
2.08483874517317000000
2.08880076668518000000
2.09498954058435000000
2.10982916807355000000
2.12238443809490000000
2.12365422020165000000
2.12495981327910000000
2.14511094255912000000
2.15256863616598000000
2.15852621105613000000
2.16852989148889000000
2.17212392582504000000
2.17322971261946000000
2.17886222477736000000
2.19131844140075000000
2.19331015745784000000
2.19811606913573000000
2.20949199104630000000
2.21463561300565000000
2.23037011744180000000
2.24355259591201000000
2.24417066934177000000
2.25014702898768000000
2.26485372451616000000
2.27859406400569000000
2.28150409419733000000
2.28341336149760000000
2.29912173598841000000
2.30891743635296000000
2.33821418113171000000
2.34602320439153000000
2.39625644384091000000
2.40916706520108000000
2.41487187717496000000
2.41959563929980000000
2.42777279243100000000
2.44287016800135000000
2.44659896854626000000
2.45887691001848000000
2.48517007916798000000
2.48578165419845000000
2.48947022679423000000
2.50189923635988000000
2.50371566745356000000
2.57023249825803000000
2.58129982228915000000
2.59017109973555000000
2.62407689389425000000
2.65765059236352000000
2.66844226030558000000
2.66953047211006000000
2.69095199244777000000
2.70418071813685000000
2.70464080459802000000
2.72888439524910000000
2.75623365709761000000
2.76184513173559000000
2.77684087079934000000
2.80569940573654000000
2.82490951473280000000
2.82744715552185000000
2.84618743647856000000
2.85849060911643000000
2.86109413381496000000
2.90171985535263000000
2.92611678057546000000
2.93101516555507000000
2.93315318068156000000
2.93622291674822000000
2.93734941829604000000
2.94467670088111000000
2.95221844818676000000
2.95409097046565000000
2.96885681973736000000
2.97260284475216000000
3.03001765578189000000
3.04018761137840000000
3.05785009842673000000
3.05840351911558000000
3.07110872883040000000
3.10982432976435000000
3.12654418091559000000
3.14438620699603000000
3.14930482983422000000
3.17351043106668000000
3.18834069300991000000
3.22036479316733000000
3.22322502639375000000
3.22390896599315000000
3.27894691875733000000
3.28310031847135000000
3.37093316045560000000
3.37723755689817000000
3.40801342222952000000
3.44472756025630000000
3.47589179242994000000
3.47608058309290000000
3.51967414830282000000
3.52990573120825000000
3.54900524569592000000
3.58445666935051000000
3.62245395188545000000
3.62633684264936000000
3.66552776231895000000
3.71129272728801000000
3.71675959287236000000
3.78289913621483000000
3.79978408864646000000
3.83638783875030000000
3.84052890769877000000
3.89036605211605000000
3.95973258599957000000
3.98147473350646000000
4.10252766379100000000
4.10604275710596000000
4.15567895265026000000
4.23568596800872000000
4.26476723471663000000
4.30187560603180000000
4.31721887859945000000
4.36016954944068000000
4.40274985647789000000
4.40847941242943000000
4.57067887918484000000
4.70313337468294000000
4.85329002429415000000
4.90524496780211000000
4.96701543266873000000
5.01955665832064000000
5.06736060816349000000
5.10139603709856000000
5.17920969856094000000
5.22284575171011000000
5.32707051131595000000
5.36475814890394000000
5.46570736497815000000
5.47149931403373000000
5.50221958377819000000
6.54230306613683000000
6.78850080057786000000
6.81597523425869000000
6.90102676719928000000
7.21915369221370000000
7.35876781745378000000
8.20134894510166000000
12.98871052370610000000
