0.661428320316503
1.316774657923030
1.487364144070280
1.546092165297460
1.882785078242100
1.971548346274820
2.146472137075720
2.282557798940180
2.326761968294480
2.361310188709190
2.713829411341030
2.718297854884670
2.811562178542850
2.823211965020870
2.847092366360620
3.055733749977650
3.105762064195190
3.132796896477270
3.134197656088300
3.192244857629940
3.201006600451930
3.228684522799340
3.249398319300400
3.265722056605600
3.268589603680950
3.278355174305580
3.419038306393130
3.445749573561970
3.545507671904320
3.575665098184780
3.588755487872600
3.610604318686250
3.617565904755400
3.627648153006680
3.646126043682640
3.656253859136470
3.665547626950930
3.676005523693340
3.718093858467260
3.761217212065410
3.763978079300980
3.768732852693630
3.774560739155300
3.783858452979140
3.791514847385520
3.819333517607020
3.822441740469720
3.840773895522560
3.877868947475240
3.890924528734910
3.909511004665420
3.943012556547040
3.950468655506260
3.999790239023650
4.001244964203780
4.064695849220660
4.116590589725450
4.125778425380790
4.127356059558350
4.164357002907140
4.179563062594850
4.185508366583100
4.212605489714960
4.226985500051060
4.255865547762700
4.288741166734320
4.295197683665780
4.363817121459070
4.375115265293310
4.447207906377260
4.507617162141100
4.514889939375460
4.516677004784910
4.525236597924040
4.535234328623740
4.541820031235400
4.553286434527640
4.558059900414690
4.564502680587880
4.588639236548820
4.591854122080620
4.606365200350350
4.610840821553130
4.613314073577710
4.641332834304440
4.700027485421160
4.704439212325330
4.724705580015960
4.725848153441570
4.728413044779450
4.737902202440020
4.747229125927620
4.747801695139750
4.752584180438990
4.757898418196190
4.759258346273740
4.762686466279550
4.765738456624110
4.773716098382200
4.775439229959800
4.781027890264450
4.782120267338670
4.827545597219180
4.831589040660970
4.833949368272980
4.848828008542700
4.853831053685040
4.887216992524860
4.890777280439630
4.910959425117350
4.964297447040420
4.970689498109600
4.970707594121910
4.998689613829980
5.003500965218430
5.034228779008710
5.040935994351190
5.067345807187900
5.111819791925570
5.121995782319620
5.123576881093160
5.148121645086110
5.172140946846840
5.195449000521090
5.199971228065500
5.232411191330520
5.235538184519970
5.252098002332250
5.254573886718820
5.260887505414030
5.274911756262780
5.279424738544460
5.290460120615640
5.293356477105180
5.295461077447830
5.311962249304890
5.347525948695750
5.363946451630560
5.401064046981310
5.402063315058330
5.403075701926970
5.405537662991310
5.417749454951860
5.428896011466910
5.434721672859630
5.438695352242420
5.441852599813650
5.449974178515270
5.472850593872890
5.484533966991070
5.487405644664930
5.518929211341030
5.543273595779350
5.549041520429900
5.561039335736500
5.566221217076070
5.575366977439850
5.577033186024250
5.600742953475210
5.635510141563750
5.638261523575110
5.639420959168290
5.653585583418140
5.656244399550620
5.657070022473700
5.675896469751780
5.678646274464800
5.680628447417660
5.688463775085340
5.692603923295990
5.693587603059710
5.693759167751250
5.697801682516400
5.700317646460320
5.720071559046910
5.726569395691420
5.738238181454210
5.748671842120840
5.758520302548510
5.773081886497770
5.781301152168320
5.783241872478130
5.831436348393100
5.839310463201300
5.848297585645600
5.878935753905570
5.883380981157540
5.911834389552220
5.939354728518010
5.939518372278740
5.951335737371100
5.954968663052440
5.995670207043580
5.997462710304490
6.003188636374840
6.028782639118660
6.032550032751090
6.041847196190290
6.070785804046800
6.089192076851970
6.099906193162320
6.109187954724920
6.110368768987010
6.113669935783810
6.130349502793360
6.132686313573110
6.134894598644920
6.138510067405030
6.143265213315530
6.150787748424210
6.153486067144080
6.153879661250440
6.187618212535050
6.194174055461030
6.196387222881830
6.228918047407950
6.233498448452900
6.253145408893270
6.255285685425680
6.257410975291110
6.280115542220800
6.284476194245450
6.284510146371520
6.294051810853070
6.296402437740240
6.341146021909020
6.341879082333600
6.355504129271200
6.387289716469170
6.395851741348610
6.398136633519720
6.405442814925940
6.411963574694860
6.413438312556980
6.417490261728030
6.424113815285960
6.428028396439310
6.440917153145780
6.443568507829060
6.444850743070900
6.454944869626780
6.479510151931370
6.502478233248520
6.503614543162940
6.508759172682280
6.546649899375540
6.558216572314980
6.579323005736140
6.582596070454990
6.583680325938700
6.584818858554790
6.607762386869070
6.618669990999710
6.626833011841790
6.632758267128150
6.633462425164470
6.635367438770940
6.635966441926980
6.648227010416500
6.655208368618130
6.680876857363630
6.683019685873210
6.692307610059510
6.700378119638940
6.721175939669400
6.727151965666270
6.727949098447030
6.761076632799260
6.763436936647260
6.778310364579170
6.792657308562490
6.795759070811140
6.797534196316080
6.813105518029950
6.832890285499280
6.868545465461110
6.882342533050000
6.891680656552830
6.895276705573870
6.902930223847860
6.903915021467590
6.905361817571480
6.910185365818720
6.910190684191920
6.918097047130830
6.935765171508200
6.962626245617920
6.975210631490610
6.982186551427790
6.995241095630470
7.016806400574600
7.026248526954250
7.031657840621700
7.032815129962550
7.032897257139620
7.034349713504440
7.036653410133550
7.045654245849440
7.048294161222550
7.055984430895330
7.057347299909360
7.073976833411640
7.078836971674130
7.090669190685460
7.090804875537200
7.095846264044970
7.120887675171930
7.137441503009160
7.144653420641500
7.151857266383860
7.155263955220830
7.181925902915040
7.191544339665260
7.202105739390240
7.202867561377940
7.207838926243600
7.213745972501640
7.221187685082310
7.221401240305060
7.228486073650760
7.229702714183510
7.229802669829850
7.232781891047660
7.236822433903880
7.236988921257040
7.247029602658370
7.247344394724820
7.260361267608040
7.273788225642550
7.274548666380980
7.284274843567730
7.286261298564050
7.295793048238680
7.340896585430860
7.347658686038830
7.357993020990380
7.364957176394650
7.374048819754760
7.402205001196450
7.431716587189340
7.432055253203720
7.440369568883190
7.443840558812270
7.451986338580500
7.477355680500610
7.482773086538340
7.493045249348670
7.500492818074650
7.507852688733200
7.518511344185900
7.531752740937650
7.539397840481810
7.579331431219710
7.596051895621800
7.681013873749710
7.697540624556700
7.710343271718860
7.712805488954660
7.728677906249320
7.731913013671640
7.747109231782380
7.748366146368200
7.752543033931880
7.768177946069240
7.769051045582270
7.770688724997960
7.793207305082360
7.798389457265290
7.799259140656650
7.823102211481770
7.824413853048390
7.832161631945540
7.841079385235530
7.862378018537650
7.873088818841660
7.879414130133620
7.883314529904520
7.928378451348520
7.952175991329710
7.955175700805170
7.958575343776070
7.958712583967230
7.970848101668030
7.988388813263350
7.995863670884030
8.005377261559620
8.017269551785000
8.022069456750590
8.023573000374060
8.034174965855970
8.053264944222170
8.063027399381920
8.067138850295900
8.071733676163650
8.082818489931020
8.091665451179660
8.110742748585890
8.111971886288640
8.127451028913510
8.131158470568960
8.153257527630900
8.170672978638170
8.173883546508160
8.175420657870640
8.181047494504710
8.189106704011340
8.193911044560310
8.197115164587810
8.202157663569060
8.213316468218610
8.245538638376310
8.272205005228100
8.284340651302250
8.305362675184760
8.335770155812030
8.340317003501100
8.343852733157850
8.366190642306650
8.368346098420710
8.377316651220010
8.382545732281760
8.383404117319040
8.400277255251890
8.402585122827980
8.409942142725510
8.417992559695080
8.419158477318230
8.464687735189800
8.468084288777400
8.475223088580100
8.506859438578400
8.513622924944980
8.518686434003360
8.523069564002520
8.531143848038870
8.535090568663240
8.540402845776180
8.550612576347810
8.589430122478950
8.601004584804050
8.617473661777730
8.623355567488710
8.641376062446960
8.665063111400580
8.686205666706120
8.694811643924170
8.705274661491910
8.712102872062010
8.739612047902790
8.744134203790650
8.744622067953900
8.763357624149150
8.768100465021450
8.775239241812040
8.791090381747890
8.793763701533290
8.869041163582970
8.870275340602720
8.873609844180370
8.879228108294420
8.891538004543090
8.909918163805760
8.926358636866440
8.935213342680030
8.954939764985950
8.961543960532510
8.962647430969330
8.967538894025230
8.977144714089880
8.987274987855420
8.992632287373340
9.005092620991470
9.011084266045600
9.026754156041680
9.040324018494000
9.053813942424880
9.055552440957600
9.091043895516360
9.098078348593610
9.105057488038500
9.107766126829570
9.114330206683360
9.114453152093220
9.120104546537410
9.148156791641730
9.151375407416710
9.167669743408500
9.181953535700770
9.184285471777270
9.196179381695870
9.198327468182410
9.204091020631740
9.204144213992560
9.205390930804710
9.238329556899820
9.257916901467870
9.262228882520030
9.268285646424600
9.271728990719650
9.297411034998780
9.300765741465000
9.306684640461560
9.312599159799360
9.313270726759550
9.336006903821660
9.339669671810090
9.340758579038950
9.349751545331220
9.372419185439430
9.405262472643620
9.423695907805400
9.438333021076660
9.463955646458440
9.510760046481610
9.522009519767770
9.526184377258390
9.530331732367720
9.537496493862430
9.548366417128710
9.574421091414140
9.579263780027130
9.592936113493240
9.593605849283630
9.612264453105360
9.624503526995840
9.639982466565260
9.643201497083100
9.668813415730280
9.682182818892330
9.717771365458650
9.730798060828770
9.735847355508300
9.743334182929750
9.754724609031700
9.781789410891940
9.818767980180480
9.833674034469570
9.841179447844720
9.856734008101790
9.863008160010140
9.889112142508290
9.900348522956380
9.904620838963000
9.909447420583840
9.918328929734540
9.918981496531290
9.921743710615750
9.943960047153820
9.959325942417070
9.984286905490180
10.014726808235500
10.028968991524800
10.032542766370900
10.057217726013600
10.059828469411000
10.059992878504000
10.060096081764100
10.068011210977000
10.071319725856600
10.095532650372900
10.097196343618500
10.098606203733500
10.114329277305000
10.119927711709400
10.139759327893600
10.145107813135900
10.168908807142800
10.171070362281900
10.179952921845100
10.180256607402800
10.180784236428500
10.186249011012400
10.221437044183200
10.231749617442300
10.255454204097300
10.266975952484100
10.272229430258700
10.272597021651000
10.285925341276100
10.287821825899300
10.300651785247300
10.303484681835900
10.316278990081500
10.322013450977800
10.333219604570100
10.334655896608600
10.344603711513000
10.357161618557900
10.360882769173700
10.364115287925700
10.385659700489800
10.406656158562300
10.428236263593000
10.447891909170900
10.453007184316200
10.457032810550400
10.457323550371000
10.460252079879300
10.485737336349700
10.526008678588900
10.555512657252000
10.563552115839600
10.572794930466800
10.577261942485600
10.587662835879700
10.590131572931600
10.599368303789200
10.622295228001300
10.624213682537100
10.655117678762000
10.660628494144600
10.678978332095500
10.679761974196700
10.690591817505400
10.717757774984300
10.724761112839200
10.725448290466200
10.735527054103000
10.736749659479100
10.768771250178300
10.772382424266400
10.772601862853400
10.785625793498900
10.795449906724300
10.797070239275900
10.810110981299900
10.818441255938500
10.845450511499700
10.848697194460500
10.852815203893900
10.898396329851400
10.900162059843500
10.946727667300000
10.950975928752000
10.951499108986400
10.952463136780700
10.953708523507100
10.959283376094000
10.966225086613300
10.970584811694200
10.982039963250900
10.990393189499700
10.991547327760600
10.994251483610900
10.997174318933600
11.007129786849100
11.013869013821500
11.064175307384900
11.070607933396200
11.099883131845200
11.104576471327400
11.116908154304000
11.118880552256600
11.122527324775100
11.125272938225000
11.126236607459000
11.159112699995100
11.159753161968600
11.166483791302200
11.173137585089900
11.176865364832500
11.178135162229500
11.188390253593900
11.195119821298100
11.201683224356600
11.212060581149800
11.216920720390600
11.218049188894000
11.259843112920200
11.262063535684500
11.269022641989100
11.278216842970300
11.334223552799400
11.340759401500000
11.347187036534200
11.355383860658700
11.360640266129900
11.368005680448300
11.386573449957100
11.416782056428000
11.440641048298600
11.474512122912700
11.476865911065200
11.478013551787700
11.490517613433400
11.502568819871000
11.524564225245800
11.541872608665400
11.560042934613400
11.566125983203200
11.591848532532800
11.629178599912000
11.637644649507300
11.638753599322400
11.644582177536600
11.652048568268600
11.698035602165700
11.700388422996700
11.705246173742600
11.717918965476500
11.719395001211600
11.721607135988500
11.750252258894800
11.758410872661100
11.786364664389300
11.791566362087600
11.794388005195500
11.804240209827100
11.842414309055200
11.856417858802500
11.875261830870900
11.898190769741900
11.901963992898300
11.913130963221900
11.917923159958300
11.961423214682100
11.965250416104100
11.987667329933700
12.013013147019700
12.021383428263300
12.024731864674200
12.047214936006300
12.071864974265100
12.094857960723400
12.116911669336700
12.123298890308000
12.175150811413800
12.200912030115800
12.243182129138500
12.250408560215300
12.251857457794000
12.261402366875300
12.268376777125300
12.271776206964700
12.285551270515900
12.323344085823100
12.332598639746700
12.349894092525000
12.359950479765800
12.370486319750700
12.371981144405800
12.399586304913000
12.406624032534200
12.408295301994600
12.438167431939100
12.448392590217600
12.473513855366400
12.479933615215700
12.493475019523400
12.512678425864700
12.529929564161400
12.530540597757300
12.554456554796200
12.558284754814800
12.571375197801700
12.589258335345600
12.598711575452800
12.611187464047700
12.662431965930300
12.693462431090700
12.701315487709700
12.705836851882300
12.723390023728800
12.731767362891400
12.734523863964400
12.772337933374200
12.803354123351400
12.810783959876200
12.843369749453300
12.856159630446800
12.856569235731100
12.863083410983100
12.897157713210000
12.943071990284900
12.947362017255000
12.991251952162200
13.007282369626900
13.032056867229400
13.046340643303600
13.074483284612900
13.087397854681500
13.092404442534900
13.103248887838400
13.119750824792900
13.120113104890100
13.128341499014700
13.168688976842800
13.184499159157800
13.193534577749400
13.220508275011100
13.227217170363700
13.231710740876000
13.238297266220400
13.242042427588100
13.248336816975800
13.250430942900300
13.300856308281000
13.303622377253800
13.305982424699100
13.319915118056300
13.322690702174300
13.356533856294100
13.417478220566600
13.427800498694200
13.448229057005800
13.462704456222400
13.468352439464600
13.497619324534700
13.501879646959700
13.523244768959900
13.540272191961200
13.552904796050800
13.568611696973600
13.588202843956400
13.605528756219900
13.618832640128100
13.635566741472800
13.654760726787300
13.657644201905800
13.745115200023400
13.804233285285900
13.819231098579600
13.828157868814300
13.838596030831400
13.853648490903300
13.858435499201700
13.883971200000100
13.917808352908200
13.943258004758800
13.944767689235500
13.950429599085600
13.955358565073500
14.006396074950700
14.098033377182300
14.129833197870400
14.176955509478800
14.209999690525600
14.277609855596000
14.285227748438300
14.328498473316700
14.343395749614600
14.367862567996300
14.370087249876900
14.385915551807100
14.389720230974800
14.393969214552000
14.427907311721700
14.441523789858000
14.448421804996100
14.483287063868400
14.495782027303700
14.533345122312200
14.550576908006400
14.570387615936900
14.572691031363400
14.618666856162800
14.633812937210200
14.657459414431000
14.678348275552900
14.680809494074200
14.685261544383200
14.711025503443100
14.731650109314400
14.735250060317700
14.736320388091700
14.765358711886200
14.811265304034000
14.837913321315600
14.877742897032700
14.920064421691600
15.006485810893400
15.022765969440000
15.061870660899100
15.124078006357500
15.135425539986600
15.157738754258900
15.234066000370100
15.236321629708700
15.255176391686900
15.276829669636900
15.297108687410700
15.391421119892400
15.391973884766900
15.414038157199500
15.422624497446100
15.436186540394900
15.528509204669600
15.592506732423200
15.614550137742900
15.647365050729200
15.715389739883600
15.768191015719400
15.812788183664000
15.893046911426400
15.951591820066200
15.978777631262600
16.021871063722600
16.021894510425900
16.053975501568300
16.055700701369100
16.095123711607100
16.134895759755600
16.154204303356200
16.177068405199700
16.210662924015700
16.241965750968300
16.249921403426600
16.283123211671200
16.371001218495600
16.398124387029300
16.537088905893200
16.549363021261900
16.589198450481000
16.629165510285300
16.630591250701500
16.649426207008000
16.660744776247500
16.774082812658500
16.873212692495700
16.888253160597100
16.896438627018500
16.912295765682300
17.093507585094000
17.113668480850100
17.151825324027000
17.268868904942600
17.337854458863400
17.544562470174300
17.566326548779400
17.616132244677100
17.661768647644500
17.689529515839000
17.814953475373700
17.826525141613800
17.852240482768000
17.924858669063500
17.990542673923000
18.046298086548500
18.062250354935500
18.107557986914400
18.117255888953600
18.133036143858900
18.141082253700200
18.156536230871000
18.369677357890200
18.400339173203400
18.481745511878200
18.506531267435100
18.529027125476000
18.594398128947500
18.630839597647000
18.637207078108000
18.680673646513100
18.714486717613400
18.749985170568500
18.869177638001600
18.989266682154300
19.026373720362800
19.096286869165700
19.303189261313600
19.397815417177400
19.416431242982000
19.489002229327600
19.546330578889500
19.638144148294800
19.898902373934300
20.051797111490800
20.112092866816300
20.250529128111900
20.255032852175800
20.258603019727900
20.476975458320700
20.551467578789700
20.624419258809400
20.879380082642400
21.015169898522600
21.130114865886600
21.365059200442400
21.449553373181600
21.491662489964800
21.850235942921100
22.121870671079500
22.241330194148400
22.264116259158900
22.479315208935100
22.846042706241700
22.887995787264200
23.022520812733700
23.737071083141500
23.818930457518500
23.997782221032300
25.587398818355000
25.833648310952500
25.870876905341200
26.577940050992700
27.220912845039200
27.366787093742200
32.975503966344900
35.475820107910300
36.000346120945300
