3.91984491436103
4.30126487179861
4.52240388696963
4.56061701771692
4.78028790852164
4.79790897063784
4.80890950544999
4.90992848154461
4.93401789148851
5.22587177589907
5.31223944245926
5.40043341349673
5.47965616149427
5.60327689635595
5.61579967420894
5.63732681064646
5.70031169542427
5.72043885982456
5.85311429794419
5.90214297979026
5.95548503998050
5.95804993684858
6.01800206273179
6.07811313080057
6.09675915957104
6.16332539081004
6.24591685964182
6.25358635301819
6.30631168549580
6.36415359367991
6.39492104869131
6.41954758927197
6.51516450286385
6.51584917461148
6.52208509682740
6.60029552630009
6.62527221755586
6.63906836700558
6.75166238413067
6.75190486018971
6.75320148106943
6.85742495753976
6.90281043005994
6.92280844911850
6.94922766283699
6.96476528648926
6.97427082388928
6.98913796418546
7.05381068119889
7.06778696106984
7.10233944348493
7.10708469443023
7.11568529806644
7.12577789863300
7.17169497815733
7.17702940980318
7.21437807946519
7.21763786313827
7.23135597138468
7.23672515879527
7.23744516122595
7.26537474220460
7.36227172072254
7.43321032863631
7.43504138212630
7.44716896120970
7.45302014781619
7.52250795440075
7.53150642460472
7.54186511403570
7.54214430838790
7.56155127456954
7.62063859215387
7.64153306130412
7.71798213270657
7.74774939297174
7.75404781575449
7.76655345591259
7.77193055003627
7.79609473503371
7.82122477412756
7.83191008912633
7.88345794544878
7.90371800578177
7.99370066507285
7.99814735192049
8.04901805788299
8.05145194844134
8.06416185276849
8.10766623673264
8.16749444641096
8.17412043134216
8.20272028855217
8.20428603451312
8.27572490918297
8.28944226745538
8.31603793750748
8.32580809072201
8.34497880478308
8.38084213937611
8.41733123540186
8.41856552698309
8.47206739728969
8.52142417986880
8.54448391447885
8.55884564767327
8.61567991380609
8.61845984989287
8.62441545512552
8.62998939719533
8.63548887248227
8.65656225397172
8.66732119442336
8.73140127985060
8.75141751782579
8.76942637302532
8.77510045966019
8.77677711888879
8.77911255508108
8.83605247175186
8.86626149629867
8.89471570419412
8.96932379024004
8.97155414619306
8.97257097350173
8.98782174352952
8.98925859666458
9.02093327976202
9.02793111074482
9.09477624479009
9.09951995919631
9.09997384743177
9.10111582552654
9.12524843047096
9.13246049099280
9.16512433446906
9.16792253881259
9.17790199864204
9.18286605717525
9.18351966703206
9.18920432925678
9.20250468066691
9.22625447986555
9.24154585582495
9.24689254265767
9.25092100397195
9.27043699912130
9.27151600103072
9.28697296213641
9.31510379984651
9.32382632308850
9.37747731499759
9.37816053247844
9.38586409934489
9.38655520220119
9.40402978463426
9.41042014422511
9.45020184514255
9.46307726177786
9.47382687998289
9.48825362890915
9.49018669889743
9.49585750255443
9.52102195570854
9.52356264384363
9.52381505224398
9.53875461037832
9.54292743881097
9.62319457529960
9.69741470218971
9.69887140681104
9.70730047498513
9.71499438170768
9.71884742740596
9.72762236791295
9.72974816601097
9.73140589164259
9.74118042543459
9.74716769494817
9.74848520642112
9.76491198318581
9.77843104241306
9.79667765653996
9.84866248152614
9.85497892810200
9.90124367822351
9.91676918838922
9.96159697444360
10.02581623844160
10.05834123732430
10.06850142308050
10.07684326706280
10.10361719554120
10.11368995689680
10.13629083137700
10.13844234302650
10.14060608468320
10.14792731788430
10.15325996394550
10.15821541950810
10.16238811795760
10.18576672588480
10.21825682481210
10.23490431924450
10.25387695040840
10.27581642244700
10.29056560194960
10.30124881123200
10.30601470336810
10.31056223005670
10.32018985587700
10.36551237933670
10.38794178389190
10.41970509216250
10.42807643490380
10.43023090180570
10.43550270925660
10.44766111662890
10.45038131557070
10.45684727773350
10.45969812924160
10.47572395237940
10.51400313389310
10.51890244694970
10.53188013127610
10.53414128667800
10.54802901387250
10.58242706221320
10.59765332485600
10.60416095918360
10.60817507487140
10.61777351925420
10.63690383604230
10.63932193651940
10.72277973725150
10.76703105273880
10.77724621318670
10.77848447330910
10.78855553736960
10.82712287124260
10.84094844239350
10.85298176166100
10.87273213870800
10.90039414257950
10.90743202702920
10.91099539493510
10.94199695276230
10.96656165869240
11.00388175321230
11.04550811098740
11.05222277799420
11.05309850427980
11.05511403267480
11.06248494199590
11.07972689973570
11.08538490437220
11.08595509845370
11.09060593035770
11.09159156289640
11.11366452979710
11.13251839133360
11.14761917520620
11.14765508453600
11.15433280060990
11.16089241159840
11.16643148312480
11.18494265376100
11.19164666487910
11.19575124088110
11.20276984344030
11.20583438718950
11.24283355003240
11.24751030898480
11.26193818744770
11.26202975699800
11.28220062300530
11.29127258472990
11.31520469760240
11.33681257520150
11.33826051250330
11.34681778615120
11.35201474681260
11.36985615552260
11.38843768501630
11.40788788218370
11.41827918048170
11.43801755268840
11.45728867720270
11.45972737468170
11.48005983642920
11.49092231470000
11.52198297164810
11.53080337491800
11.56215106527780
11.57077589728130
11.57554523163080
11.58565897236280
11.60739665704450
11.60844323466020
11.63689440344540
11.64233053519700
11.64444805420640
11.65606626417070
11.66172041984460
11.67753914941590
11.71189961501510
11.72635713351450
11.74602966628900
11.76793204148560
11.78029062713020
11.78517323316890
11.79557302812740
11.82596106971020
11.83455632762670
11.83458590243590
11.83915390731570
11.84989659473260
11.86449284836320
11.87100971493720
11.87704228647470
11.87916349774810
11.89267086257590
11.89430001922830
11.92700272074880
11.92930760239510
11.94400763151160
11.94453047570170
11.94570382437600
11.99319947266510
11.99344329861640
11.99583713186920
12.00596442629910
12.06193616774170
12.06565036937450
12.08718581352660
12.09355552156010
12.11011024478200
12.11992121318340
12.12718058993140
12.14227184976030
12.14720050244580
12.15346096435710
12.18336996670300
12.23202111512210
12.24746586672250
12.28948870611600
12.30917200937310
12.33206456198920
12.33834428586720
12.33894972907520
12.35743834196790
12.37315399459890
12.41586528683360
12.42592495738820
12.43743237760310
12.44983512577280
12.47194678292740
12.49788250076570
12.49979272817170
12.51959849422530
12.52736548557980
12.56200448410700
12.56235244289350
12.56389716210850
12.56873238621550
12.58708255827340
12.59259926883210
12.59729916898990
12.60025008239260
12.60306331319430
12.62429099325280
12.62717293470080
12.65227623755100
12.65329577771510
12.65473640847490
12.65566170185640
12.65829375404850
12.66792024625160
12.70698560423970
12.71014289611660
12.73108992359770
12.75408073894980
12.79870793674990
12.80694564758810
12.81212686877280
12.83058481343500
12.84192300741230
12.85865431605620
12.88325530470820
12.92544806766040
12.92862425824940
12.93058766957310
12.93749296263980
12.94956912838040
12.95659456632110
12.96849307120330
12.97410609044890
13.02773568049160
13.04004176546500
13.04076571367170
13.04412991994550
13.04965629876410
13.07129768749530
13.10210691317450
13.11778098335200
13.12344592207820
13.12987818608480
13.13618893931240
13.19261586771880
13.19668053493160
13.19855656143890
13.20487386429660
13.24101417772280
13.24866981089650
13.25345192769400
13.27472763908680
13.27705598036620
13.28321969515660
13.30490436014370
13.34556962919470
13.35450497320700
13.39154038039160
13.39510087999870
13.41651434413110
13.43749097991720
13.43985236118810
13.49258226419260
13.50760420459360
13.55117368781180
13.55578164872030
13.56783957834940
13.57007232235180
13.59237469569210
13.60209761665090
13.60260678688260
13.62149987182780
13.63747946360160
13.64266894365800
13.65226593384940
13.65444341623140
13.66226726488660
13.66718114463380
13.69266320933350
13.71091403095570
13.71506218452460
13.71520075047250
13.72193897500020
13.72806459271270
13.74162751490810
13.77336651274810
13.77389202052730
13.78952903697130
13.80507456961210
13.81094429432270
13.81406714750220
13.82336148191290
13.82845260069420
13.84135602799930
13.84320365510180
13.85049728339090
13.86850615393730
13.87328893934180
13.88012924690910
13.88713978124770
13.90194703186080
13.92178485519220
13.95175440863140
13.96756191891320
13.96826495600680
13.97572358863130
13.99553236920830
13.99766673235250
14.00382926366900
14.00652194596380
14.02323072402970
14.04167033945410
14.05380632629530
14.06447090131680
14.09376051754310
14.09486809774610
14.11667600449950
14.11826965487290
14.17251552583160
14.17452551975230
14.19167992519670
14.21845115360580
14.22829037295940
14.22920518422500
14.23179515730980
14.23311612677230
14.25107247962850
14.26405871299800
14.28251627189240
14.32275222300250
14.32848787561850
14.34231351209870
14.35967750620430
14.37166097390970
14.38529953171680
14.39117531617400
14.39544064627220
14.40536814735970
14.41190745178750
14.42010618871470
14.42020093218060
14.42491882416820
14.42633827686000
14.43677711466470
14.45784276134350
14.47059632964100
14.48245051629280
14.51786315664170
14.51871450589030
14.54801440439750
14.55317363681820
14.56130507747810
14.56772241134190
14.57133687098080
14.59161399634320
14.60749489751920
14.63519542496490
14.65853052083570
14.67866229523210
14.69677103942280
14.70032591896910
14.70054004152340
14.70191357386520
14.71487377126580
14.71715896073040
14.71942129973670
14.72220821423670
14.72440826554300
14.75328483984290
14.78945656173090
14.83931087113590
14.84607130321560
14.85636314114130
14.85695292079630
14.86008065921700
14.86275441394860
14.87691406707890
14.88190211675070
14.89810083549420
14.91508442342810
14.91773958749290
14.93100490085890
14.93344415522360
14.94527550142870
14.96082087184300
14.96946353505200
14.97850601248670
14.98743782619040
14.99286935376530
15.01382857970690
15.01419160826130
15.03495005453730
15.05824570178050
15.10380328866510
15.10618334032280
15.10982649726450
15.12602136708190
15.13780122091110
15.14221141166170
15.17790732537620
15.19184367524350
15.23775684715200
15.24749617452980
15.27594766505640
15.28480476368560
15.30542933436590
15.33517840569320
15.36211793758060
15.37110619240870
15.37789623093680
15.43319714029100
15.46136290258740
15.52977380730820
15.52988981635330
15.54669474263330
15.54818186269020
15.56005914609800
15.59069145665870
15.59136915638290
15.61254023122000
15.61368595909010
15.62841376106830
15.63364530544750
15.66701419594490
15.67511161723680
15.69819627870150
15.70699741577350
15.74297582996230
15.77790522318900
15.77815781746240
15.78177149758780
15.80093227876390
15.84453228127870
15.85396722983360
15.86332878025040
15.87305788572210
15.88907799663620
15.90408475665640
15.91166143038540
15.91584531065440
15.92571606905030
15.92701098833680
15.93510819460090
15.93618526833990
15.97354600876040
15.97460631481430
15.98115059652520
15.99071403708300
15.99186162176470
16.01266455676700
16.01629109131220
16.04423207948190
16.04995257892910
16.06404389919510
16.07263898413100
16.07781065616530
16.08328059609170
16.09610632658340
16.09717223822760
16.12355850162160
16.12729820321000
16.16820310249090
16.19846631408880
16.22157002219610
16.22650700179110
16.25056959777080
16.25925729177710
16.26319121295410
16.26476279832660
16.27237819307570
16.31090744573350
16.32673548113880
16.33522491301710
16.33553542641890
16.34058295008690
16.36814023052160
16.37117187943360
16.38519616075090
16.40062882521130
16.42455684161330
16.43853315447460
16.43935084079600
16.44092632907760
16.44695006604500
16.45358389045640
16.49045801704940
16.50282850953990
16.54982009009600
16.56381967333490
16.62333150226470
16.64558418415530
16.65661171049120
16.66373712701750
16.66789791952470
16.68521159083450
16.68645956814590
16.69419901264080
16.70040636128940
16.70462313837830
16.70921412919520
16.78695639443430
16.80435036283420
16.83670015803500
16.84597338017940
16.85594647162390
16.87994826340880
16.90751549437730
16.90812452461980
16.91295006181960
16.93002191871460
16.93164680148290
16.93650941820190
16.93809203323880
16.96823807819130
16.97162952021780
16.97262155929340
16.98414411471530
16.99006155163620
17.01495197193600
17.02357850341820
17.02508878888960
17.02581385608460
17.04073717257620
17.04076192776300
17.05839044746660
17.05937979272400
17.06097142870690
17.06272810970160
17.07567627479760
17.08179655747550
17.11279466452730
17.11433200171430
17.11976785616730
17.15655568333740
17.15701999738160
17.18726476539620
17.18834900330020
17.19057198843610
17.23816629438410
17.25832611381710
17.27098600901670
17.32329594464920
17.33371897542420
17.38250981949200
17.39825975141840
17.41245163162320
17.42364170058940
17.50500466667970
17.51335628097650
17.53347809364690
17.53868246030570
17.55688502878140
17.57688719773800
17.59046578580000
17.62281103267370
17.66518721092840
17.68141207199810
17.69769675516500
17.72241484171660
17.73732803637160
17.75968215678800
17.78129539656390
17.81542726314460
17.83439605740910
17.85247675142060
17.85401098697800
17.87641654640970
17.88148761863270
17.90898487236950
17.93813659413740
17.94065545912300
17.94499258737970
17.95765672986290
17.96008529561300
17.97105050287620
17.99630039705600
18.04036455448640
18.04859966241420
18.06804903695200
18.06938888186330
18.08634215024760
18.09526258908900
18.09904490576060
18.10014487777620
18.13693919068470
18.15535704007220
18.18319506120640
18.18666156879580
18.24702711572110
18.24737532845870
18.25114969479170
18.26576653813220
18.27684541864210
18.30609990018140
18.32175108050390
18.33134620341210
18.34605064161410
18.39755868838420
18.41107435143840
18.41842448726490
18.46632975067020
18.46767432142210
18.47485310157700
18.50602436590120
18.55877464691300
18.56622292737040
18.57842489249530
18.58141721351560
18.69930539411880
18.70112803307600
18.70956337997320
18.71225063781480
18.72964417916960
18.73398869922110
18.73956337339050
18.76561354490150
18.81580026345010
18.81912707818660
18.83439067423680
18.87798413533110
18.87936322010290
18.88488860825350
18.88505761934810
18.92556856910100
18.95542533897220
18.96655426090190
18.97096952963990
18.98964241951970
19.00149405839870
19.01015107249500
19.03235980612800
19.06598570419550
19.07847446916650
19.10674847852730
19.14832330275830
19.16365302007700
19.21121911793000
19.21511914972990
19.25469669108150
19.31547113377920
19.32013701936550
19.32551850153260
19.33003444894560
19.37665341130660
19.39194874017760
19.39804971319670
19.39850671525170
19.40422463015660
19.43830778279540
19.44105616964990
19.45811583500180
19.47422918422900
19.49422881429650
19.50053662592200
19.50774179937560
19.51125483083840
19.53478080387350
19.54455445690600
19.56855581700220
19.57273430957810
19.59637418043560
19.64400798232200
19.68682098920140
19.71999678911160
19.73695459461160
19.76118558380420
19.79047769811120
19.79578604117920
19.81889866227700
19.84460510646610
19.86265759399970
19.88313519311350
19.92733932384540
19.93941048903100
19.99397524101690
20.03520638996170
20.06131328470980
20.06606332444010
20.07136154865270
20.08655580925250
20.09363282423640
20.13062971281400
20.16098784402850
20.16692713681270
20.18457364266040
20.28904546011840
20.30663562480940
20.31521712339460
20.33398587833950
20.35967968840490
20.38726222972690
20.41412999001780
20.43037304668440
20.44004979543830
20.44025277070530
20.44623279439210
20.46533921525300
20.61162308403000
20.61205643780320
20.62679594296930
20.66572526240900
20.68294698512470
20.68372260960180
20.71370813627180
20.71678258610370
20.73613356721970
20.75296660523100
20.77279984712680
20.79025730662760
20.81448550000190
20.81610183215940
20.95027732260620
20.97580067584230
20.97610734803950
20.97821380220260
20.99385023035680
21.11523287599560
21.13033021614340
21.21758717105010
21.22624290992970
21.23140579098160
21.23804133348780
21.33535520629340
21.45360702541960
21.46312826730200
21.63259063982560
21.64071165435870
21.67194991264400
21.77912213128560
21.80212292170340
21.81239462592630
21.84998178244580
21.85152323254810
22.05149190410040
22.05500516250260
22.08320015866620
22.09836502202670
22.18250474299190
22.30428729594790
22.31005180727100
22.32826604338710
22.37452427475710
22.39864134713840
22.40844365260690
22.50948433865910
22.70661803374000
22.71167802086370
22.71187610857400
22.71352901941720
22.88637682794170
22.90832934429910
22.96332235283720
22.99811696999130
23.01044630905880
23.11192510848680
23.12401934168430
23.13176317190870
23.17773560261200
23.23256024751450
23.25035350231730
23.30413955241460
23.35828166292180
23.50727829972580
23.71648983571460
23.75226925728880
23.75316662662300
23.81116405254500
24.07155768871730
24.09832386152360
24.19517325581930
24.21521738307480
24.26992440350340
24.35520491226390
24.45648369136840
24.49518299733380
24.53327773458310
24.53818602328280
24.69346637333440
24.72649262860990
24.84127946163430
24.94751349655950
25.05352957336290
25.19790773005270
25.22966138238290
25.30318236529790
25.33995971203250
25.37985969550130
25.46884901743770
25.49444226106020
25.54862242922410
25.60952371498980
25.74202016752640
25.83405340230970
25.92948877502700
25.93988584049280
25.94416209923330
26.07762900895530
26.08518262132950
26.20276547247340
26.26517485972800
26.60149165787780
26.63852805603250
26.79252349478480
26.99444420736900
27.07105900564370
27.20149569280120
27.29025251339570
27.29724796575550
27.40123668544560
27.41307658104580
27.62142514073060
27.86263417389600
28.15099943813290
28.24340704582570
28.32340069183790
28.56360509903230
28.61903043837760
28.62112590337280
28.73581238166230
28.81811782154400
28.95358186287130
29.48192661120160
29.49051297267950
29.52926702931830
29.61887002532720
29.89714126176480
29.97713195279260
30.04094784512900
30.44533467580990
30.45088795752920
30.73494854104230
31.20338412096140
31.40474137858990
31.71900635601330
32.45581386770720
41.96180580609570
