0.0598740794517052
0.1878381798298520
0.2633185849254450
0.3144923968471940
0.3554713640107810
0.4195154660133450
0.4484185493448280
0.4909859540627870
0.5416745495002190
0.5464107671173820
0.6292948193402060
0.6421974882709890
0.6606270817111080
0.7016462099692510
0.7135328338952160
0.7212586624477330
0.7241381598677250
0.7242483088883870
0.7259421967845480
0.7278389372533390
0.7416046495349420
0.7460452167426310
0.7524084137974300
0.7560781162214120
0.7735795829300110
0.8086320704005130
0.8207194901492030
0.8707129970145810
0.8767794860539160
0.8868508471977770
0.8897095029157520
0.8919559638983330
0.9033491235276820
0.9143757202453690
0.9255460700529500
0.9276982942320730
0.9286281575887770
0.9389510019554580
0.9576486164178830
0.9622234307252190
0.9722961529872030
0.9814341746235880
1.0197017208970900
1.0470050229597900
1.0598707189980600
1.0614858857946800
1.0623746094814900
1.0815611704909200
1.0900490954226700
1.1023584947594000
1.1056832107405700
1.1067624976418500
1.1173088618198200
1.1187800386715800
1.1332074201903500
1.1341422435716000
1.1377254743951700
1.1421746950593300
1.1532770242424100
1.1550499840726100
1.1823692610310800
1.1864146396933900
1.2330587341991000
1.2508244694931600
1.2671640923239600
1.2847040228299300
1.3006995406923700
1.3184503522995900
1.3235717480138900
1.3241027305015000
1.3249532078210800
1.3658764821368400
1.3725245190755400
1.3845180246911500
1.3853167229006100
1.3865906944400300
1.3867637475748200
1.3875820820534700
1.3894930904390600
1.3975542036908800
1.4025431613943600
1.4121012426494100
1.4125205781193100
1.4204532568670900
1.4240548737233900
1.4253667562491500
1.4254982721208300
1.4281727962194700
1.4327368219643200
1.4403026197097600
1.4421998139132400
1.4607695230575200
1.4626299313630400
1.4722765730545800
1.4728176955537800
1.4755293649541600
1.4824268436239700
1.4850453366823500
1.4882174407751800
1.4934993447857600
1.5010898374206000
1.5034298543620500
1.5094859196184500
1.5178253054757600
1.5202720022723900
1.5546594235376200
1.5548999404291800
1.5551863180606600
1.5636130308017400
1.5706473341009700
1.5842107555574800
1.6033005337770200
1.6206629616600700
1.6298334406524800
1.6322733012286200
1.6573687038135400
1.6587678278620200
1.7026058036313700
1.7152275017649300
1.7280145910971800
1.7329074017390000
1.7335942809706700
1.7435407759001400
1.7469971949686400
1.7501449096946000
1.7516105871608100
1.7516128448284600
1.7545094343494900
1.7851402133479200
1.7862990674941900
1.7940194716286700
1.8061678355139800
1.8076422948838600
1.8229415663065800
1.8255658273235100
1.8439590873045000
1.8735117610658200
1.8825657134498200
1.8936746174745900
1.8945782701506800
1.9065199615022500
1.9293749923187200
1.9345008520889400
1.9350202712867800
1.9396748428983900
1.9403681430821600
1.9542951946052900
1.9597074933734700
1.9621175121634000
1.9691131274438800
1.9764386206692100
1.9888047352892100
1.9938730086003500
1.9948876486560700
1.9981305972218000
1.9981420935616400
1.9997964759625300
2.0071552518504400
2.0136927518136500
2.0201503302419900
2.0348903390937800
2.0420891591607300
2.0470010688331100
2.0519893317482600
2.0548261795265400
2.0654446648078000
2.0677047891031800
2.0876262276272600
2.0896196156252500
2.0995492754262800
2.1071963287503200
2.1195438444395600
2.1204827804240100
2.1209233002722800
2.1408511850957700
2.1470821908113800
2.1639313230057500
2.1677509090657000
2.1911807952747900
2.2002660401244000
2.2067017718520200
2.2119415594348700
2.2278811666405600
2.2289849162784800
2.2293310190625200
2.2318485296552000
2.2329575865292100
2.2504427840978100
2.2533589773012600
2.2567145645367400
2.2713995717778500
2.2729097765028000
2.2785081549108900
2.2830085589070600
2.2982493170876800
2.3038123705591400
2.3085428937285900
2.3105994507320700
2.3193678986909500
2.3431398065771900
2.3544150957784200
2.3735621612360900
2.3784339344160000
2.3827104287245500
2.3887113533120800
2.4017218223011200
2.4093499896548600
2.4128978546119000
2.4188281612711300
2.4256971145172600
2.4309136734126700
2.4393168401370400
2.4457875363650400
2.4602521842231800
2.4688094193901500
2.4761815704165300
2.4816915100467200
2.4850270577988200
2.4913435369218900
2.4980961466878000
2.5096944132634900
2.5159753023111300
2.5216290101976600
2.5386943469439500
2.5572376600212200
2.5732894165448700
2.5823920154774300
2.5842046373709900
2.5885943307992000
2.5984620280183000
2.6023211908670100
2.6073522523612500
2.6144803107894900
2.6225592661607300
2.6361446138443500
2.6425056579158100
2.6461169755481800
2.6527744198112200
2.6534414382207200
2.6585767719479700
2.6588335354501400
2.6620767108461300
2.6754101689026400
2.6755046571040400
2.6758821821270100
2.6760647115556300
2.6824268724986900
2.6856378536568700
2.6892169823547000
2.6972008576580000
2.7024613313059400
2.7033917004644500
2.7043710002077600
2.7132805511619800
2.7134404348181000
2.7148333169056000
2.7153981415713000
2.7208339102340600
2.7216540797971900
2.7373728541979700
2.7522434547665400
2.7727091612143400
2.7833667922409700
2.7880714139523900
2.7962471320989300
2.8019495198403500
2.8141284764008100
2.8251724363753900
2.8277434089531700
2.8318293285610400
2.8368568242451700
2.8372824662069200
2.8376028208331300
2.8475969462692500
2.8510021896870600
2.8510667714589400
2.8510899325515500
2.8536116512083100
2.8563089865721400
2.8608568022669100
2.8621712100918500
2.8673730941985100
2.8677031963389200
2.8688639733121300
2.8703069961494300
2.8705789319057300
2.8707649067357000
2.9024198861451100
2.9045622863385000
2.9092772395317700
2.9094083529930200
2.9124231139140700
2.9157973153397200
2.9186480060897900
2.9199333022786200
2.9204206971590400
2.9239779690928700
2.9259219594271600
2.9295354859456600
2.9319367651948600
2.9319609883323400
2.9326874088579900
2.9380216354638100
2.9458615709752300
2.9533347899560500
2.9581286913714500
2.9595511607098800
2.9603323707018900
2.9644879233842000
2.9653236756250200
2.9899087777769400
2.9920805812520500
2.9951612414333700
2.9956556107659500
2.9966169196767900
3.0014572825060000
3.0036259613802100
3.0039742488976000
3.0073479879836600
3.0207628647488400
3.0264216278487800
3.0372290695463800
3.0373184449405800
3.0463541447695600
3.0525646740595000
3.0546479748152000
3.0655830605245500
3.0663717088619800
3.0883115742974700
3.0909337054433400
3.0956467863445600
3.0981365701228600
3.1048163133746000
3.1058877613246100
3.1115404450581900
3.1262193601273900
3.1445678141365700
3.1454608523203400
3.1528965599446800
3.1549534157760600
3.1580760718233700
3.1593101132187700
3.1664959911629400
3.1810635319326500
3.1920128828043000
3.1930089115120600
3.2096168905714000
3.2097442218767400
3.2300180754048400
3.2315372279194600
3.2366315715946300
3.2423009091392700
3.2428111024373100
3.2544354118867300
3.2553188624116800
3.2656205966414600
3.2793800876357000
3.2799034279229300
3.2883665377623300
3.2887587016686000
3.2913451257085300
3.2968426982416800
3.3045241198738100
3.3245591271252600
3.3265776158122400
3.3303822736706600
3.3389380031749800
3.3392666696131400
3.3394221078965200
3.3405687770179900
3.3514817038961000
3.3567818493677300
3.3585295520289100
3.3631699681750200
3.3673199059417900
3.3674698069863600
3.3763984106997100
3.3810956953849600
3.3918728636056500
3.3960210859301500
3.4227968364627700
3.4269443935395700
3.4395844224481800
3.4527125095501500
3.4594873466640200
3.4686208918484100
3.4717794573243500
3.4907631486285300
3.4991309999786400
3.4999893516884700
3.5056671588245100
3.5078375662772100
3.5103309143731100
3.5166746745896200
3.5187671121593800
3.5191835146267700
3.5202903482863800
3.5253047955315800
3.5321551346083200
3.5335092626473500
3.5463176798004800
3.5501555621911000
3.5711390071287000
3.5731430019402100
3.5738200128568200
3.5841988862673300
3.5857095122462200
3.5968837081356200
3.5992422945440700
3.6024340480098200
3.6037725767541300
3.6226020554861500
3.6255283607866300
3.6259107117899400
3.6336905212990000
3.6348630861385300
3.6412261595400700
3.6495152239690700
3.6517574892698600
3.6522094142456900
3.6586080021162500
3.6616736389137100
3.6672187965403400
3.6748033547145600
3.6801310480424200
3.6900108157564400
3.6953243827491800
3.6967535681431900
3.7142841630086000
3.7275946897230600
3.7278254700161400
3.7303534588826200
3.7477530519478200
3.7520438822308100
3.7539393533576100
3.7657978270086900
3.7827086709098700
3.8027871014097100
3.8051416097789900
3.8053460398754200
3.8247251928130300
3.8343104955272600
3.8395190201797200
3.8418885610500800
3.8424970964943700
3.8441245438521400
3.8523283692764100
3.8577397446239700
3.8581364097528200
3.8745456746668300
3.8766835160155900
3.8804676035732800
3.8915059731328800
3.9108637024824900
3.9111238535737200
3.9134016733658200
3.9252843206250500
3.9335938377379100
3.9647138032807200
3.9725820709547100
3.9827932262620500
3.9890774879889300
3.9914098092680500
4.0040927651184700
4.0071925105235700
4.0285639975437100
4.0417493844601500
4.0511146669298200
4.0551711508196700
4.0554040372359700
4.0592199446464500
4.0643865641031100
4.0648963079169000
4.0685010474268200
4.0723642153219300
4.0805547754678900
4.0860429064761400
4.0878763564310800
4.0896506374845000
4.0907887601187200
4.0991083391103400
4.1013870123758400
4.1032864714728200
4.1145828112360300
4.1182673152682900
4.1249167156623600
4.1264739735492300
4.1401004413352000
4.1426343531035000
4.1455177823811500
4.1580204970693600
4.1589502347251500
4.1679553778029300
4.1687073601008700
4.1732449814610900
4.1831476228938500
4.1954124775733000
4.1988562773343000
4.2184712692820400
4.2265620555826100
4.2298845536076900
4.2377675263795900
4.2508838046580600
4.2573716505941200
4.2619344294166500
4.2801577332404900
4.2829922692469600
4.2851886538978100
4.2879472852725100
4.3013681392524900
4.3096437807539700
4.3099082875355600
4.3099198737942600
4.3162928968129700
4.3165637174393000
4.3350405962003600
4.3395366276618600
4.3419243818926300
4.3617664552201200
4.3636406947828800
4.3687408506983000
4.3741512241680700
4.3870372861647000
4.3950829721459100
4.4126470069951900
4.4145932686798100
4.4259908062272400
4.4281527336127400
4.4390252527809400
4.4555153788021700
4.4600682248146900
4.4615265973639100
4.4649465879566100
4.4880408635678200
4.5049227294912300
4.5053130613432900
4.5131951159610300
4.5168827163069100
4.5243631033899100
4.5305892725311400
4.5310911437939200
4.5363762235283400
4.5490462875653300
4.5547042198040400
4.5722797805805000
4.5833080518376500
4.6021533931887000
4.6101123494057100
4.6208976757400800
4.6250633629437100
4.6296258556986300
4.6455703312914100
4.6556761432539800
4.6565122422479600
4.6624320226252700
4.6708567749949400
4.6865553924975600
4.6941979383165400
4.6962087428102600
4.6987074107351200
4.7017066739256100
4.7046722743282600
4.7152560240023800
4.7240134688601000
4.7273256703672300
4.7389768291781100
4.7596479538447800
4.7675059960524300
4.7835159467987700
4.8025610988875500
4.8072615381349900
4.8234066871909500
4.8248424156453700
4.8319538603475500
4.8373134670286300
4.8448674285573300
4.8582624548239300
4.8593406042297600
4.8709947274604300
4.8737417681218700
4.9043362863126400
4.9110146867011100
4.9176703721903500
4.9295452406888400
4.9309769935467100
4.9322170593058300
4.9432301609807500
4.9469598217263200
4.9490526280839600
4.9550007504952800
4.9799911493188200
4.9825349928183000
4.9846829555024300
5.0035202852262600
5.0067412402473700
5.0070475471427800
5.0136728690963700
5.0335675925234600
5.0559302142671100
5.0661314135131700
5.0773386556650300
5.1032077120742600
5.1165350718395000
5.1223864720705700
5.1629274795532000
5.1710076521861200
5.1743622183706700
5.2133277307284300
5.2260990822938800
5.2285492264164400
5.2395873953485700
5.2474495705836800
5.2563863467971500
5.2636945278463700
5.2664272415155700
5.2884122170357300
5.3152396817064700
5.3196757852363000
5.3358968983721600
5.3477125568162900
5.3607676437770900
5.3634731535601000
5.3764830268190500
5.3801035572601400
5.3868187936852500
5.3869299809512800
5.3879462112921100
5.3963618453844300
5.4106799581358500
5.4167487882769800
5.4248646169067100
5.4270061829750700
5.4576495503530200
5.4702379033006900
5.4711258643895800
5.4749889822046400
5.4785911452263800
5.4977024511158600
5.4997658687999800
5.5452921959632200
5.5538256715980500
5.5621726096826900
5.5633425102184600
5.5974059442219800
5.6020292977208500
5.6054837255982800
5.6298508214864100
5.6447624207027700
5.6588898946695600
5.6777502731251100
5.6837824005167200
5.7315584357836900
5.7386567610284400
5.7400036593429500
5.7652213079570500
5.7666891794822200
5.7734722207068700
5.7757058181753600
5.7846871645730800
5.7875014583728100
5.7927893085008100
5.7938819889971000
5.8275943298156800
5.8342229939985600
5.8680744674108700
5.8752829684218100
5.8808276200105900
5.8932572183298400
5.9044514529520600
5.9222779853940800
5.9337581081874400
5.9439288837476600
5.9450024063697600
5.9553751071113100
5.9650157040229900
5.9720937284879400
5.9810088941198100
5.9947886158375100
6.0096094821959900
6.0159189482589500
6.0296847780270300
6.0391288888228700
6.0582052044011800
6.0638161216238800
6.0867260456090300
6.0941723705831000
6.1081994196836100
6.1084960952969400
6.1102040077361400
6.1172687386342100
6.1237472412684300
6.1429052143398400
6.1480018698792700
6.1569387867211900
6.1572777886815400
6.1937265572802700
6.2069075279935200
6.2115720230751600
6.2127954013568400
6.2349743791484400
6.2454815689024700
6.2602251400889000
6.2617840205718100
6.2748241178691000
6.2802946478556500
6.2847776087183900
6.2868258723435100
6.2971932194846100
6.3045630787376000
6.3080389077002600
6.3119832408989500
6.3249627329822000
6.3343465646424700
6.3346056264221500
6.3424969432362600
6.3522204529293600
6.3818240148856500
6.4138857324307000
6.4217725528249700
6.4293087467720700
6.4425178547709200
6.4557681445895600
6.4756471636881200
6.4889340421401200
6.5002150111867000
6.5162506733558700
6.5188126031071900
6.5250386265038200
6.5347512746914500
6.5430229783734400
6.5445281910356100
6.5533878879024700
6.6068786638245200
6.6148058945758000
6.6226604096124000
6.6250442736463300
6.6573174989387900
6.6681951091424300
6.6723133408345300
6.6742152451733400
6.7126654052360400
6.7158627976027400
6.7296036802035400
6.7398055451954700
6.7449494780397800
6.7519517053368000
6.7746091266111200
6.7765363259399200
6.7788461770824800
6.7869345410914800
6.8129272525629700
6.8227281347717100
6.8260382682086200
6.8328579041098700
6.8404833278388100
6.8939086373979000
6.8945704793706600
6.8989802101447800
6.9232625677672900
6.9288060892134500
6.9551827844669300
6.9634512718473000
6.9830422414159000
6.9837028637110700
6.9879843886766700
6.9994423993699200
7.0109955730445200
7.0429348493348400
7.0585022958411400
7.0744720359938200
7.0824091881417400
7.0916836558152800
7.1127129388829800
7.1268481455009800
7.1422550522148700
7.1494169699316800
7.1683349376131800
7.1731473841165000
7.1959618724402500
7.2024153513324300
7.2070533987964700
7.2153436859481300
7.2247973423569400
7.2356016106930400
7.2388244775277700
7.2696452742244200
7.2724539341730800
7.3094484164908400
7.3213616709532600
7.3582807318536400
7.3762854562217500
7.3980232461001800
7.4007430133531900
7.4214770997010100
7.4332562134980000
7.4544564932455100
7.4660192481224900
7.4814977735961500
7.4938958698157700
7.4964165029512600
7.5208451406835000
7.5930865329770200
7.6049762288982200
7.6053103866357700
7.6062833195527400
7.6225507818394600
7.6260368591414700
7.6737587704159500
7.6785442416444400
7.6866437311990000
7.6932010594289500
7.7123326866904200
7.7138369473805200
7.7251911906164600
7.7284480853389900
7.7311133923735700
7.7494010764526400
7.7550454573977100
7.7626028841784700
7.7799828437896100
7.7874126683597800
7.7888628096621600
7.8116641356577400
7.8142422129814100
7.8974660304708300
7.9102500709658800
7.9117902436458000
7.9144365029598500
7.9204752766119200
7.9748603223178300
7.9750831403657600
7.9989461805316300
8.0146850690044200
8.0275818905953200
8.0792173235868500
8.0950923865059200
8.1253515134599700
8.1351126423746200
8.1550382794766500
8.1661252730065200
8.1747301225345100
8.2269502052361200
8.2310901797706500
8.2419026839530800
8.2447044639296200
8.2495725899321400
8.2620194883311700
8.2934243833663000
8.2966567042647400
8.3479495030968900
8.3589697600708200
8.3881009306338100
8.3935153035771900
8.4028703966828200
8.4407952937363800
8.4544018582614200
8.4911980068794700
8.4913791321662500
8.5191117373921000
8.5416638787586700
8.5647528345383600
8.5761056452911600
8.5778151778459500
8.5885741846497000
8.6008395833683000
8.6129517599709200
8.6516419717991300
8.6600657182051100
8.6757280717579500
8.7097406331777900
8.7291732751944300
8.7310980052172000
8.7487013407895800
8.7677853537442600
8.7924320698971700
8.8163488878361200
8.8187165269114700
8.8187303440167900
8.8242501982605400
8.8818193486352800
8.8889877632963100
8.9083829544741300
8.9295396338367200
8.9486940452757100
8.9690042468647900
8.9709023036727500
9.0036246005507100
9.0447544101617900
9.0448013796426300
9.0871505504554500
9.1228415040688000
9.1473172105317000
9.1528711836039000
9.1580953272216000
9.1637497308595500
9.1976714103272400
9.2047593911424000
9.2417212523753100
9.2769349920089600
9.3042817081575500
9.3503478455910200
9.3545108719253700
9.3980440864657900
9.4467145045777300
9.4669607093536900
9.4715252408166500
9.4760817728623200
9.5271119802526900
9.5272521407183900
9.5547938641970800
9.5881060679809800
9.6702942294575300
9.6809409633229600
9.7838457004056800
9.8544477323640300
9.8558472348670800
9.8857664520728900
9.9150367912805600
9.9367409121838600
9.9792925490045500
10.0338358752119000
10.0493280787510000
10.0563955315440000
10.0974477501337000
10.1291544644135000
10.3752100997552000
10.5141873255705000
10.5266117307458000
10.5694374558740000
10.5748118811024000
10.6525452114617000
10.6569366265115000
10.6934200152716000
10.6964320149148000
10.7408097171242000
10.8456669646926000
10.8522867629977000
10.8616019782897000
10.8823237606773000
10.8931022076183000
10.9349201171700000
10.9426202668338000
11.0070471428968000
11.0468370775813000
11.0955716546398000
11.1234764499814000
11.1534825435116000
11.1631737288688000
11.1786369349959000
11.2080674803433000
11.2922890711064000
11.3465360991269000
11.3759762638828000
11.4147925547633000
11.5123723974540000
11.5158569515633000
11.5175360683786000
11.5516943260307000
11.6123915121948000
11.6898060424104000
11.7156390054941000
11.7446509801660000
11.9616441440992000
12.0700959157651000
12.1084171535775000
12.1099675968577000
12.2504021181649000
12.2818723352206000
12.3110238800023000
12.3437851491809000
12.3463068784637000
12.4039022334210000
12.6284248755717000
12.7742915699546000
13.1206496463756000
13.1486419740792000
13.3215806443353000
13.8172244275390000
13.9411371074374000
13.9887240400722000
14.1362999961704000
14.2867975754958000
14.3250318828173000
14.4738128787022000
14.6731457058094000
14.8180907743704000
14.8286279165963000
15.0287816510518000
15.2132562448979000
16.1452030996432000
16.6225429401942000
17.6096514741924000
17.6291694287782000
17.8080624154097000
19.0193479541369000
19.6930810802398000
20.4098994860328000
20.6857725584742000
20.8982800465291000
23.4270299853751000
