73.5577807831926
73.6501915778000
74.7999636056006
75.5098224624319
75.7604286615497
75.8540906541980
76.2082764732847
76.3541015205842
76.7478887111623
76.9439494773482
77.2276349456520
77.5241768652811
77.6262160731822
77.9767928267656
78.2932550569474
78.7690759918722
78.7957331177579
78.9470812262875
79.2236514470194
79.3607518511709
79.4567531944339
79.7491559757003
79.9114967821085
79.9543667840921
80.4578725033250
80.5492140008067
80.8286414702823
81.2600974235904
81.3723333412269
81.8110837643594
82.4200440811917
82.4938471151462
82.7085852105965
82.7422734307688
82.7651011222143
82.8709080344176
82.9266642216226
82.9894715953013
83.0692743116493
83.1945722247735
83.3441562176190
83.3499405528409
83.3598912306941
83.3639354717023
83.4545230915782
83.5339427258394
83.6602600677968
83.8085355967841
83.8542669778707
83.9015319320449
83.9591443799884
83.9669013399680
84.0627042355252
84.0975970728005
84.1140620102347
84.1959750069684
84.2694859805411
84.4361615620406
84.6510545120258
84.8246086891045
84.8692302100177
85.0023734893520
85.0139462160058
85.1033660864911
85.1143549556682
85.2486549414474
85.3293329782143
85.5599593412200
85.5733497988267
85.5903556809898
85.6422711890956
85.7036282982387
85.7719699340093
85.8613912267012
85.9047151063080
85.9403080573155
86.0736779496536
86.0861098843350
86.1583331869988
86.1873437598016
86.2552134578514
86.2822666965407
86.4270225690325
86.4435654152888
86.5072245689751
86.5263732614976
86.5458703433923
86.5895014056591
86.6381814206220
86.6646927026361
86.7649703819679
86.8056300189046
86.9313803108987
86.9943753529697
87.0631524014778
87.0806395503406
87.1181280257762
87.2949979629162
87.3687851290062
87.4158462222693
87.4340989216618
87.4405983322568
87.5160595344589
87.6564652201574
87.6836346667499
87.7127320317219
87.7236442419225
87.7243427778415
87.8268254629545
87.8684793150609
87.9100947589515
87.9754288522606
87.9868518466096
88.1145794125508
88.1165403548464
88.1222298353020
88.1411378619147
88.2543971869756
88.3049913805436
88.3218063527336
88.3660470616273
88.4175251358302
88.5352864931854
88.6022059768677
88.6696104658162
88.6828071684781
88.6965925441888
88.7165613567977
88.7364813898683
88.7548218840580
88.8096042461869
88.8128336239568
88.8379124221439
88.8937228439105
88.9029597222133
88.9182606742918
88.9293010517399
89.0015954528919
89.1642518107183
89.1894350982306
89.1933814878831
89.2239935525536
89.2591438275987
89.2745897030337
89.4352707191852
89.4409707647631
89.4596728579997
89.4771731300408
89.4797603453283
89.5266206228535
89.6625869233544
89.7102490045620
89.7486252215004
89.7544694257097
89.7673582891366
89.7738985566579
89.7885831306423
89.8186278360093
89.8667014394360
89.8936629352575
89.9088447565921
89.9180421016896
89.9193558269101
89.9223660832173
89.9392693863537
89.9605553325227
89.9739444576619
90.0227818425179
90.0790826445620
90.0960398888301
90.1024032831800
90.1347992374550
90.1715244446882
90.1880943685583
90.2235163295794
90.2294332803873
90.2512998616099
90.3601188342122
90.4050297360812
90.4273492117834
90.4662906718291
90.4703817536816
90.5009620145236
90.5285393526146
90.5591256864349
90.5862780657167
90.6270493070513
90.7398759973357
90.7809837564446
90.9051274240796
90.9057076354189
90.9075683968399
90.9643305738222
90.9859939590171
91.0365172338165
91.0395749357808
91.0529117370787
91.0950396672490
91.1156481862063
91.2368987377731
91.2909238903943
91.2988255357571
91.4046607324234
91.4580262553102
91.4672473830085
91.4904636624482
91.5324183611694
91.5637236084520
91.6071446917844
91.6181208534367
91.6765053634998
91.6796956531150
91.7009928249899
91.7828570830374
91.8377188943935
91.8499784227160
91.9235086910282
91.9239295349125
91.9490959580312
91.9697030884948
92.0059030031986
92.0237392760455
92.1293415497999
92.1519984951810
92.1710695562171
92.1736813216578
92.2451850157265
92.2662437086729
92.3270147587895
92.3629236330177
92.4190774561045
92.4379139445330
92.4662937913432
92.4774944183447
92.5210313717696
92.5795524786640
92.6276916486717
92.6283618454366
92.6633798695495
92.6667706985872
92.7772932756670
92.7850952283559
92.8357137627414
92.8791454750564
92.8929791397173
92.9492357645808
92.9569827156639
92.9644573846325
92.9858329356148
93.0379519996711
93.0565098888086
93.0637740629866
93.0805981563344
93.0822429829771
93.1151136253530
93.1413156934843
93.1451561947633
93.1586141486366
93.1687645709489
93.1834313999764
93.1960625614341
93.2700683614529
93.3011488994351
93.3537783481395
93.3842332342276
93.3855694052895
93.4444061049609
93.4529232491722
93.4792589476379
93.5485418430883
93.5532108445806
93.5640479731747
93.6320988708671
93.6453477452068
93.6872034327485
93.7246878003317
93.8503147594478
93.9197498872928
93.9327436353070
93.9351714072273
93.9497784091566
93.9779024663826
93.9858787373028
93.9956662603904
94.0217488556386
94.0246096916446
94.0450909738052
94.0889616136780
94.1168345698581
94.1389324153914
94.1746412572783
94.1913976503443
94.1973599785805
94.2146840025029
94.2646586589412
94.2767454351494
94.2974735247274
94.4042669780376
94.4079051018169
94.5218385307884
94.5352410523238
94.5729758413910
94.5798344349604
94.5879067008381
94.7152019611062
94.7336515512008
94.7744069836360
94.7829509317704
94.7838086075300
94.8136493365525
94.8273911523470
94.8921441298692
94.8922352366720
94.8936535562341
94.9192211958221
94.9383681435146
94.9503244000136
94.9846263095742
94.9879370367647
95.0010174881527
95.0227019478812
95.0691208234030
95.1240950871019
95.1818745232014
95.2465324179745
95.2908876365623
95.3502663282888
95.3803601791483
95.3866290578128
95.3939482049385
95.4207778466234
95.4580690301675
95.4693291076952
95.5319059334305
95.5623481869382
95.6524806884747
95.6743518847178
95.7069699544809
95.7443245421094
95.7538598494351
95.7907846422828
95.8177680927716
95.8252777728486
95.8482739428324
95.8714227138120
95.9402299667681
95.9833326540321
95.9947086572000
96.0011442228464
96.1020045152317
96.1570681815933
96.1648384278332
96.1762587480525
96.2253104447764
96.2286644226036
96.2547036726468
96.2557080497083
96.2653892967443
96.3212643325936
96.3906281912528
96.4142808723388
96.4902526167226
96.4911508161809
96.5275721780273
96.5281681026647
96.6018822258504
96.6315687254154
96.6404536271905
96.6485677039095
96.6922579680886
96.6940112010724
96.6963895420134
96.7242208968997
96.7755079624976
96.7899530781871
96.8214054875231
96.8432913032952
96.8586232525435
96.8647800855484
96.9877598657223
96.9985956909949
97.0411288999644
97.0723574134641
97.0746194721481
97.0852931256945
97.1232551617164
97.2095663342939
97.2214377174606
97.2264570853435
97.2378214064524
97.2489432456119
97.2490112611594
97.2533301354322
97.3161235121510
97.3337686387611
97.3439314866745
97.3452255208715
97.3597637603756
97.3598664507776
97.3756004716167
97.3889837693838
97.4238288434652
97.4435458436804
97.4879262543112
97.5056371530457
97.5147968099520
97.5366347191510
97.5461370324833
97.5668305096222
97.6138804376568
97.6385570284195
97.6599595234397
97.6872943570098
97.7616857150118
97.7650338522566
97.7782208590305
97.7936837801741
97.8646249379130
97.8887651661974
97.9135744033803
97.9333427767586
97.9630952043264
97.9708205465928
97.9881900048286
98.0106795171732
98.0524107171636
98.1329142231856
98.1418347263234
98.1437932708898
98.1616599985905
98.1791813158862
98.2064359176329
98.2144700127916
98.2523966880328
98.2785886767056
98.3238470380022
98.3311208996909
98.3956475853169
98.4142143838511
98.4328270116802
98.5016548275338
98.5029900350182
98.5033225617553
98.5067250052327
98.5388549496562
98.5395741177823
98.5445865395923
98.5645428976302
98.5963591622539
98.6095998995956
98.6360411691340
98.6686554918647
98.6850029705473
98.6886518542721
98.7352037426418
98.8013057194261
98.8301109128532
98.8388150664949
98.8631041991471
98.8677601063097
98.8808133538072
98.9276364259026
98.9279989521568
98.9856100929627
99.0435159451633
99.1035409993082
99.1053676249974
99.1087085219357
99.1396911349348
99.2066977697658
99.2133808064055
99.2167880372659
99.2336744262076
99.2454087096714
99.2707372373635
99.2801797602161
99.2838235556337
99.2846051108342
99.3470598515841
99.3546641983115
99.3565509671186
99.4081217547881
99.4965435598096
99.5177921085469
99.5226913470210
99.5877286631357
99.5899312301504
99.6156123611329
99.6236672340668
99.6271658772302
99.6321338312024
99.6402139204699
99.7312208123530
99.7406895302429
99.7896320237143
99.7953583890486
99.8021044223123
99.8048933046971
99.8457033821667
99.8682332812649
99.8694248419102
99.8821267604869
99.8871443876931
99.9187750746499
99.9366893044005
99.9442127234675
99.9499492624447
99.9838308409450
99.9918297080430
100.0004319184160
100.0752448652300
100.0893411567660
100.0973415912600
100.1124489638410
100.1829487391340
100.2004885621290
100.2032367637240
100.2077081854840
100.2146613887910
100.2805341409000
100.2999586823860
100.3271590465760
100.3273613757880
100.3587963872950
100.3704877891340
100.3949848533160
100.4031403161840
100.4119957863820
100.4415106519200
100.5300214165870
100.5538836427030
100.5574383183780
100.5580119017650
100.5594067888840
100.5806988273550
100.5928146052360
100.6179485890970
100.6493774655760
100.6498934147700
100.6894814504660
100.6961853960610
100.7137286485600
100.7547448541270
100.7982765753990
100.8015253234400
100.8090071120650
100.8282284719940
100.8349788668250
100.8599059329370
100.8798710657980
100.9181359022590
101.0245161722250
101.0331787692260
101.0342444693730
101.0525384669900
101.0681407593460
101.0953735238990
101.0976448076540
101.1091094017170
101.1393131352080
101.1694565679330
101.1844483705410
101.2089289677680
101.2533230647480
101.2794051860960
101.2864443004660
101.3188014285600
101.3256073141730
101.3517544475840
101.3789172539830
101.3866495543570
101.3906185865600
101.4007152852570
101.4717539803570
101.4857312713840
101.5184172299200
101.6198074381300
101.6497577771840
101.6848817375370
101.7187104231010
101.7327649426950
101.7357619145410
101.7366566856230
101.7463914282090
101.7919662051850
101.7984103218480
101.8229441851000
101.9901391003440
102.0176190936920
102.0541801449100
102.0740458053170
102.1203515216510
102.1371883726270
102.1713285248000
102.1889912088120
102.1932067266760
102.2094200106840
102.2137310235760
102.2670764087430
102.2785864470430
102.2801732949930
102.2842453001480
102.2886238629630
102.2913337207240
102.2928833610440
102.3076114227230
102.3162601078040
102.3357559892250
102.3405701284720
102.3492204825240
102.3788207287560
102.3975572722310
102.4309470022460
102.4495860662640
102.4678571548400
102.4808495822680
102.4857897968340
102.4860108242350
102.4895797618980
102.4924264127230
102.5730423467750
102.5734563499440
102.5755782252890
102.6080839887910
102.6166246016140
102.6850345353240
102.7104207413490
102.7888999991250
102.7919841968630
102.8010410501920
102.8088048852330
102.8424521107910
102.8471227446990
102.8542989794150
102.8686630098360
102.8767642035850
102.8880701873030
102.8916086928940
102.8950203453840
102.8969629211420
102.8989389059790
102.9141809716670
102.9378142164440
102.9441081639260
103.0749917747980
103.1261987583870
103.1350866229780
103.1436276331070
103.1480904339510
103.1554263277240
103.1653581376850
103.2529204656650
103.2554598476070
103.2682265313960
103.2688672516210
103.2709751591820
103.2729236140870
103.2736756408080
103.2740020845300
103.2964779928240
103.3168473564600
103.3902243051720
103.3936379316510
103.3937203890260
103.4347089930570
103.4562680245290
103.5434527592420
103.6211373842310
103.6661426970150
103.6919671446380
103.7096058384900
103.7573445258630
103.7922362268500
103.7934453728880
103.7984731378060
103.8033725171390
103.8380649419220
103.8546939328110
103.8808331624110
103.8988048968700
103.9079780825820
103.9305892877700
103.9657531871170
103.9859206790520
104.0623133719070
104.1107915462950
104.1944275817820
104.2818327304520
104.2870687800300
104.3161209992730
104.3442573789580
104.4083567254600
104.4090964284700
104.4191230168810
104.4266274156260
104.4365348950370
104.5743157052630
104.6026798815140
104.6204801179920
104.6938311986630
104.6993952444860
104.7328561224360
104.7951043863180
104.8013582284260
104.8203933049130
104.8518979244870
104.8529555591650
104.8549770731280
104.9377824516670
104.9776966418280
104.9950367851880
104.9982566779650
105.0016703215390
105.0454235359220
105.0774078534200
105.0803455271100
105.0816468399250
105.2448680956850
105.2463867977110
105.2874301096220
105.2898970481900
105.3299443371650
105.3539795424910
105.3621869471860
105.4148677646410
105.5118471182490
105.5288351742380
105.5302477378870
105.5355672422990
105.5415927545750
105.5475762588310
105.5817657783340
105.5854295799590
105.6492614088060
105.6538404630460
105.6890020520070
105.6896064572330
105.7114762365820
105.7173234031560
105.7785734633080
105.8005321065210
105.8485612035420
105.8693855921440
105.8834967127100
105.8888218537130
105.9128258692420
105.9363417229790
105.9854447999170
105.9875069775740
106.1234029223740
106.1446304889550
106.2035013944550
106.2045112582760
106.2167328240240
106.2323385113850
106.2497517619070
106.2555857129600
106.2643589682310
106.2938364836050
106.3527413474710
106.3573877984910
106.3634494760410
106.3854245107310
106.5180409165740
106.5478985350400
106.5646751388540
106.6226085080760
106.6302414585590
106.6665498604280
106.6815503443360
106.6860050568200
106.7163394593210
106.7227220216040
106.7708918759730
106.7938660174200
106.8017855208710
106.8043858374890
106.8523602244720
106.8563285776300
106.8679374136400
106.8999737546430
106.9734755148340
107.0024171544210
107.0167217691940
107.0234110036620
107.0789388463250
107.0903220640580
107.1190832350090
107.1432455181900
107.1918848102660
107.2077667786710
107.2286351624400
107.2579054829330
107.2828293155150
107.3095733842950
107.4351413343900
107.4453802715370
107.5083417769790
107.5199926612500
107.5322461750340
107.5529542234760
107.5591299878680
107.5819260969350
107.5993832603660
107.6286322314260
107.6619148033880
107.7121424508630
107.7478824003240
107.7817450051830
107.8118161787840
107.9015287591410
107.9515483199830
107.9878320069450
107.9904861814780
108.0572879311240
108.0572934953200
108.0615791616000
108.0754179199900
108.0764961943940
108.1148586331700
108.1187884281160
108.1211102159520
108.1319959967300
108.1562228887610
108.1796283374690
108.1829722640040
108.2521515151760
108.2609261897720
108.3386924576940
108.3694989083730
108.4789830498620
108.4882144251980
108.5594766675130
108.5635159734000
108.5799667282830
108.5843816230130
108.5848425475690
108.6330394268160
108.7090745123480
108.8216775480000
108.8284508397490
108.8775190575940
108.8917261841260
108.9209848362340
108.9563847121180
108.9681578667730
108.9977208580060
109.1109790133760
109.1176303296660
109.1222834229920
109.1314081776140
109.2320707695270
109.2581269305880
109.3121751499540
109.3211121349110
109.3753792337940
109.4088994072780
109.4419972674730
109.4428482457310
109.5346544550480
109.5856366647100
109.6376903452210
109.6523079343930
109.7076071773410
109.7784570477200
109.8337216907860
109.8633739100200
109.9011487204950
109.9669193290850
110.0163042730890
110.0221967915360
110.1349187924840
110.1841178862470
110.3284841329910
110.3783419871880
110.5564838790250
110.5829481445000
110.6380055266610
110.6411914898640
110.6543714443400
110.6676821135920
110.7268626789010
110.8209190089520
110.8229495315530
110.8391803795880
110.9428666170120
110.9500373878750
110.9764409375270
111.0685111039130
111.0707839775510
111.0952598982660
111.1632623529010
111.3427682797380
111.3802801285840
111.4177283060740
111.5075435309810
111.6483084519690
111.8371953993690
111.8916420165210
111.9024493625120
111.9083807424340
111.9091546564300
111.9110374842640
112.1344449497530
112.1591171901320
112.1598120737450
112.2744798900970
112.2961508382910
112.3150253303680
112.3524465047420
112.3655565160190
112.5376857106670
112.5400142160250
112.5906032298030
112.5936514811900
112.6307725369500
112.6978184718980
112.7435113282500
112.7645247367440
112.7808414671410
112.8094094274450
112.9024975493250
112.9254790013230
113.0594532602070
113.1008034141030
113.1705308549220
113.1984285583140
113.2191799683360
113.2416685857440
113.3947948180780
113.3958570061040
113.4092945233130
113.6427179542380
113.7327534248410
113.8078247636750
113.8363011430440
113.9334147492100
113.9534574526030
113.9945326531640
114.1514148587230
114.2740165995030
114.3196197339120
114.4186661829230
114.4350824434980
114.4842434060320
114.7247993441990
114.7891705768130
114.8187624599710
114.8761425710230
114.8849047090350
115.0852575609610
115.2101323900560
115.3497565405220
115.3515226612210
115.3567038146860
115.3702124092380
115.3740902604260
115.4127876585470
115.5193627559060
115.5324256851530
115.7752351240900
115.7829883582050
115.9294070376600
116.1974779912540
116.2197189978770
116.2356206444630
116.3419058075070
116.3506821852060
116.8202799443310
116.8674802398110
116.9242987019050
117.2948051255610
117.3567634260630
117.3816997015380
117.5129562642770
117.6212067499050
117.7010089285160
117.8873024462370
118.4821621801900
118.6247972531910
118.6340061318450
118.6452902048530
118.7045282539230
119.3745859652680
119.5738475514750
120.1566568090480
120.8072975669280
120.9406518950620
121.1216016977150
121.3630842280530
121.7642596271570
121.8318581819710
122.1255407898970
122.3684987810100
123.0928748595240
123.7264794939000
124.9531780151740
126.2890941768570
126.9027693600630
127.3164396953920
