Codes	Pop1990	Pop1991	Pop1992	Pop1993	Pop1994	Pop1995	Pop1996	Pop1997	Pop1998	Pop1999	Pop2000	Pop2001	Pop2002	Pop2003	Pop2004	Pop2005	Pop2006	Pop2007	Pop2008	Pop2009	Pop2010	Pop2011	GDP1995	GDP1996	GDP1997	GDP1998	GDP1999	GDP2000	GDP2001	GDP2002	GDP2003	GDP2004	GDP2005	GDP2006	GDP2007	GDP2008	GDP2009
AT11	270670	271604	274259	275633	276300	277529	277843	277566	277210	276732	276226	275956	276673	276542	276793	278033	279128	280062	281185	283118	283965	284897	:	:	:	:	:	:	:	:	:	:	:	:	21900	22400	22200
AT12	1455968	1471624	1486756	1504072	1512388	1518489	1522804	1524239	1526848	1530745	1535083	1539416	1544667	1549269	1557291	1568949	1580501	1588567	1596538	1605122	1607976	1611981	:	:	:	:	:	:	:	:	:	:	:	:	27100	28000	27000
AT13	1492636	1502772	1522449	1537523	1549436	1542667	1539002	1542191	1540875	1542252	1548537	1553956	1571123	1592846	1610409	1632568	1652448	1661246	1674909	1687271	1698822	1714142	:	:	:	:	:	:	:	:	:	:	:	:	42800	43800	42600
AT21	544983	547752	552345	558114	559735	560708	561845	561549	561012	560938	560696	559571	559933	558623	558026	558926	559277	559393	560322	560605	559315	558271	:	:	:	:	:	:	:	:	:	:	:	:	28100	28800	27400
AT22	1169578	1171663	1177385	1184813	1186112	1186136	1185538	1184587	1184039	1183374	1182930	1182441	1188117	1189315	1192168	1196780	1200854	1202483	1204947	1207479	1208372	1210614	:	:	:	:	:	:	:	:	:	:	:	:	29000	29500	28500
AT31	1296826	1311277	1329858	1346059	1355548	1360051	1361888	1363368	1364332	1366578	1370035	1373134	1377803	1382532	1387488	1394726	1400287	1403663	1406664	1410403	1411238	1412640	:	:	:	:	:	:	:	:	:	:	:	:	32500	33900	32800
AT32	471835	480766	488833	498611	503848	506626	508253	510023	510973	511233	512854	514851	517050	517084	519691	522369	524920	526048	527452	529217	529861	531721	:	:	:	:	:	:	:	:	:	:	:	:	38200	38800	37500
AT33	618459	624114	632471	639956	645858	649875	653369	657694	660864	664067	667459	671492	675700	679457	683639	688954	694253	697253	700707	704472	706873	710048	:	:	:	:	:	:	:	:	:	:	:	:	34500	35100	34600
AT34	323863	329310	334543	337738	339521	341408	342525	343749	344963	346542	348366	350129	352574	354605	357068	360054	362630	364269	365868	367573	368868	369938	:	:	:	:	:	:	:	:	:	:	:	:	34700	35900	34600
BE10	964385	960324	951217	950339	949070	951580	948122	950597	953175	954460	959318	964405	978384	992041	999899	1006749	1018804	1031215	1048491	1068532	1089538	1119088	43700	43900	43600	45300	47500	50000	51400	53000	53400	55300	57300	58400	60100	60600	59800
BE21	1597310	1604566	1610695	1619613	1625069	1628710	1631243	1635640	1637857	1640966	1643972	1645652	1652450	1661119	1668812	1676858	1688493	1700570	1715707	1731174	1744862	1764773	25200	25200	25800	25800	27200	28900	29200	30200	30700	32600	34200	35400	37000	37800	36100
BE22	745034	750082	755593	761565	766833	771613	775302	779969	783927	787491	791178	794785	798583	802528	805786	809942	814658	820272	826690	833160	838505	844621	18300	17700	18100	19000	19600	20700	21200	21800	22300	23000	23300	24800	26300	27000	25400
BE23	1331608	1335694	1340056	1344263	1346783	1349382	1351777	1354737	1357576	1359702	1361623	1363672	1366652	1370136	1373720	1380072	1389450	1398253	1408484	1420415	1432326	1445831	18600	18600	19000	19600	20200	21300	21900	22900	23600	24900	25700	26900	28500	29000	28500
BE24	963283	970985	976956	982943	989252	995266	999186	1004692	1007882	1011588	1014704	1018403	1022821	1027839	1031904	1037786	1044133	1052467	1060232	1068838	1076924	1086446	21000	21000	21500	22800	24200	25300	26600	26600	27500	29200	30200	31800	33400	33900	33900
BE25	1102501	1106529	1111557	1116244	1119085	1121135	1122849	1123786	1125140	1127091	1128774	1130040	1132275	1133931	1135802	1138503	1141866	1145878	1150487	1155290	1159366	1164967	19900	19700	20000	20900	22000	23100	23700	24200	25000	26200	27000	28600	30200	30600	29600
BE31	315358	321304	325621	329614	332966	336505	339062	341565	344508	347423	349884	352018	355207	358012	360717	363776	366481	370460	373492	375645	379515	382866	18400	18200	18700	19700	20800	22600	23500	24500	24900	26900	28100	29400	30400	32800	32000
BE32	1278039	1280336	1283252	1285934	1286639	1286649	1284761	1284347	1282783	1280427	1279467	1279823	1281042	1281706	1283200	1286275	1290079	1294844	1300097	1304436	1309880	1317284	14600	14500	14300	14900	15500	16200	16600	16900	17600	18400	19000	19800	20600	21400	20600
BE33	998213	1000696	1006081	1011368	1014689	1015007	1013729	1014941	1016762	1018259	1019442	1020042	1024130	1025842	1029605	1034024	1040297	1047414	1053722	1060035	1067685	1077203	16800	16700	16900	17500	17700	18500	18900	19200	19600	20600	21200	22300	23300	24100	23700
BE34	230827	232740	234664	236850	238142	240281	241339	242526	243790	245140	246820	248750	250406	252295	254120	256004	258547	261178	264084	266950	269023	271352	15500	15400	15500	16000	16500	17200	17200	17900	18200	19000	19800	21000	21400	21500	21400
BE35	421224	423719	426305	429586	432103	434446	435677	437426	438864	441205	443903	445824	447775	450395	452856	455863	458574	461983	465380	468605	472281	476835	14600	14800	14900	15500	16100	16900	17300	17900	18500	19300	20000	21100	21800	22600	22400
DE11	3609977	3683101	3751156	3807445	3832123	3841565	3862311	3881961	3888668	3898171	3917305	3935352	3964162	3985000	3994612	4003172	4007373	4005380	4007095	4006313	4000848	4002571	28600	28300	28400	29000	29900	30300	31700	31500	31800	32000	31700	34000	36100	35700	33100
DE12	2484034	2532481	2577284	2612810	2636944	2645136	2644430	2656721	2660608	2666127	2676257	2684425	2701376	2716682	2722550	2727733	2732455	2734260	2739274	2740164	2740503	2744226	27200	27400	26500	27200	28100	28600	29500	29800	29800	30300	30800	32400	33700	34500	32800
DE13	1934781	1977860	2012896	2041044	2058645	2071050	2087042	2099757	2106615	2114486	2125364	2137625	2156851	2170481	2178813	2185027	2190727	2193178	2196410	2195681	2196018	2199125	23300	23200	22700	23500	24200	25200	25800	25800	25800	26200	26400	27800	29100	29600	27900
DE14	1589914	1628607	1660507	1687410	1706321	1714318	1725584	1736066	1740719	1747256	1757006	1767013	1778517	1789157	1796581	1801487	1805146	1805935	1806976	1807348	1807552	1807958	24500	24300	24000	24600	25500	26200	27000	27200	27200	27900	28300	29700	31500	32200	30000
DE21	3721332	3801482	3848132	3919109	3948153	3959400	3978123	3991576	3991937	3996043	4033643	4083077	4138402	4169657	4195673	4211118	4238195	4279112	4313446	4335137	4346465	4382325	31600	31800	31900	33200	34600	36400	37100	37500	37600	38400	39100	40300	42200	41500	40200
DE22	1057436	1078128	1092944	1109216	1120898	1131529	1143387	1151960	1158310	1162972	1170170	1176206	1185467	1191476	1194472	1196178	1196923	1193820	1194138	1191910	1189194	1189384	22800	22600	21900	22500	22700	23700	24800	25300	25200	26300	26500	27700	29400	29800	28800
DE23	991309	1009017	1020423	1032218	1040561	1047267	1054474	1060014	1064702	1069121	1074338	1079217	1085609	1088929	1089826	1090289	1089543	1087939	1086684	1083780	1081417	1081120	23200	23100	23000	23700	25000	25600	25700	26600	26700	27300	28100	29200	31300	32200	30600
DE24	1055822	1074866	1083982	1094271	1100241	1104494	1110477	1113612	1113674	1113790	1114155	1113251	1113788	1112655	1109674	1106541	1101390	1094525	1088845	1082516	1076400	1071306	23700	23300	23000	23500	24000	24300	25300	25300	25100	25800	26000	27600	28800	29200	28200
DE25	1566070	1598857	1621514	1641331	1652252	1660294	1667254	1674282	1677515	1678535	1683282	1689066	1698343	1703869	1706615	1708972	1712275	1712622	1714123	1712405	1710145	1711566	26500	26300	26100	26900	28000	29100	29000	29900	30000	31200	31100	32100	33500	34500	33100
DE26	1234906	1259010	1273415	1289657	1299951	1308151	1317652	1323132	1327318	1329399	1333803	1335991	1340912	1344300	1344740	1344629	1341481	1337876	1334767	1327497	1321957	1318076	22900	22800	22600	23300	23900	24600	25600	26000	26200	26700	27400	28500	29900	29900	28700
DE27	1593863	1627539	1655561	1684485	1701297	1710809	1722117	1729293	1732919	1736688	1745576	1753447	1767193	1776465	1782386	1786166	1788919	1786764	1788329	1786483	1784753	1784919	24500	24200	23700	24700	25500	25600	26400	27300	27100	27500	28100	29600	30600	31300	29800
DE50	673680	681648	683694	685840	683097	680029	679757	677770	673883	667965	663065	660225	659651	662098	663129	663213	663467	663979	663082	661866	661716	660706	31100	30700	30900	31400	31900	33200	34300	35100	35600	36300	37200	38700	40300	41100	40100
DE60	1626222	1652360	1668758	1688789	1702889	1705872	1707901	1707986	1704731	1700089	1704735	1715392	1726363	1728806	1734083	1734830	1743627	1754182	1770629	1772100	1774224	1786448	39700	39700	39800	40700	41300	42100	44200	44700	44700	45400	46000	46500	47500	48600	47100
DE71	3491419	3547188	3596111	3649645	3671031	3669956	3684624	3694537	3697606	3703089	3719354	3737589	3746852	3761749	3762995	3775025	3778124	3772906	3780232	3784767	3792941	3805503	32300	32500	31900	32100	33800	34200	35400	35500	36200	36800	37300	38400	39700	40500	39600
DE72	981501	1003269	1016070	1032082	1042537	1049136	1055882	1060367	1060847	1060951	1063503	1063538	1065028	1065909	1065467	1064228	1061323	1057553	1053259	1048683	1044269	1041271	21300	21200	21000	21300	21800	22600	23100	23500	23600	24500	25100	25900	27300	28200	26900
DE73	1187700	1212836	1225158	1240951	1253761	1261601	1269407	1272380	1273252	1271097	1269109	1267002	1265946	1263960	1260966	1258512	1252907	1244900	1239064	1231503	1224741	1220247	22700	22500	22300	23000	23600	24000	24700	25300	26000	26300	26700	27900	29100	29500	28500
DE91	1614203	1639872	1655379	1670253	1674726	1678659	1679640	1677842	1673828	1669708	1669634	1668603	1666864	1665368	1662595	1658918	1650435	1641776	1633318	1623649	1616720	1609369	22100	21400	21300	23000	24300	24000	24900	24200	24600	25300	25800	26700	28500	28600	26900
DE92	2032401	2060670	2081705	2108598	2120525	2130480	2138965	2146742	2150450	2148713	2152759	2158307	2163904	2167876	2167157	2166626	2163919	2160253	2156841	2149181	2142440	2138711	24400	23900	23400	23900	24100	24500	24300	24600	24900	25200	26600	27800	28200	29500	28700
DE93	1467422	1491276	1512421	1535496	1560496	1581074	1602126	1616321	1630776	1645896	1660653	1672467	1683438	1692192	1698434	1702971	1704133	1702938	1701132	1696643	1693654	1692238	19000	18800	18300	18200	18600	19000	18900	19000	19000	19100	19500	20200	21200	21800	21200
DE94	2169774	2195439	2226304	2263184	2292247	2325150	2359691	2374243	2390344	2401523	2415714	2426816	2442210	2455036	2465229	2472394	2475459	2477718	2480393	2477771	2476001	2477975	21000	20800	20600	21100	21000	22300	22600	22500	22400	23000	23300	24300	25600	26400	25300
DEA1	5167713	5220445	5253128	5293259	5289018	5287352	5290584	5290935	5284861	5269171	5264468	5254317	5255328	5249280	5245132	5237855	5226648	5217129	5208288	5191042	5172839	5161782	26600	26100	25900	26600	27100	27600	28500	28800	29000	29800	30000	30900	33100	35100	33400
DEA2	3963108	4025321	4068166	4113462	4141571	4162040	4188583	4216305	4235903	4249413	4263675	4281548	4309953	4331419	4350368	4363797	4378622	4384669	4391062	4386271	4383044	4392747	26500	26200	25900	26300	26300	26500	26700	27300	27100	27700	27600	28600	30100	30200	29200
DEA3	2437782	2476464	2504851	2531918	2546965	2558277	2573490	2586577	2595115	2600471	2608779	2612301	2620240	2625637	2625745	2624489	2622623	2619372	2614361	2605365	2597636	2594291	20500	19800	19700	19800	20300	20800	21300	21400	21500	22400	22700	23700	25000	25800	24700
DEA4	1849741	1895396	1924838	1953995	1975129	1991074	2012908	2026660	2035907	2041343	2048620	2055795	2063244	2069290	2071803	2072488	2069758	2065413	2059198	2050638	2043212	2038323	23800	23600	23200	23600	24100	24500	24700	24800	24700	25100	25600	26400	28300	28600	27200
DEA5	3685240	3731987	3758890	3786540	3806630	3817336	3827480	3827238	3822701	3815118	3814258	3805904	3803327	3800729	3786638	3776723	3760454	3742162	3723712	3699748	3676032	3658011	22300	21700	21700	22300	22700	23100	23300	23600	23800	24500	25000	25900	27300	28100	26300
DEB1	1377003	1402068	1422594	1445016	1463553	1476996	1489931	1499680	1507807	1512283	1516237	1519561	1524695	1527611	1527919	1527507	1521494	1513939	1507919	1499457	1490711	1483598	20700	20400	19900	20200	20800	21200	21200	21800	21800	22500	22600	23600	24500	24900	24200
DEB2	477962	484041	489051	494291	498972	502475	505375	507667	509134	510507	511548	511754	512990	513702	513755	513861	513363	515819	515972	515322	513794	513254	20000	19800	19600	19500	20200	20500	20700	21400	21800	22400	22400	23100	24000	24400	23900
DEB3	1846692	1877425	1909613	1941644	1963333	1972102	1982613	1993220	2000887	2002179	2002988	2003242	2011381	2016414	2017008	2019737	2023986	2023102	2021752	2013572	2008170	2006893	23200	22500	22500	22700	23300	23800	23800	24100	24200	24900	24800	25700	27100	27400	26200
DEC0	1064907	1072960	1076882	1084015	1084517	1084201	1084370	1084184	1080790	1074223	1071501	1068703	1066470	1064988	1061376	1056417	1050293	1043167	1036598	1030324	1022585	1017567	22500	21500	21300	21800	22200	22900	23400	23600	23800	25000	26300	27500	28900	29500	27500
DEF0	2594608	2626140	2648540	2679572	2694888	2708392	2725461	2742293	2756473	2766057	2777275	2789761	2804249	2816507	2823171	2828760	2832950	2834254	2837373	2834260	2832027	2834259	22800	22600	22200	22400	22700	23100	23600	23200	23400	23700	23800	24600	25300	26000	25700
DK00	2683877	2611326	2572046	2545787	2532763	2517776	2503785	2491119	2478148	2462836	2449082	2431255	2411387	2392040	2373157	2355280	2334575	2311140	2289219	2267763	2249882	2235025	26400	27300	28100	28900	30200	31500	32500	33400	34000	35400	36800	38500	40000	41100	39500
ES11	2744800	2733854	2730372	2727995	2725377	2719536	2711516	2702667	2694580	2689042	2684551	2697288	2693733	2699955	2706126	2712162	2718490	2723915	2735078	2738930	2738602	2736637	9400	10000	10200	10700	11400	12100	13000	13800	14800	15800	17100	18500	19800	21100	20500
ES12	1101087	1094958	1093460	1091396	1088687	1084286	1079808	1075969	1071754	1067081	1063156	1063195	1061942	1060177	1060065	1059133	1058330	1058059	1059136	1058923	1058114	1055558	10200	10800	10800	11500	11900	13100	14100	15000	15900	17000	18500	20200	21700	22400	21200
ES13	527538	527558	527828	528055	528357	528851	528893	528549	528714	529568	531072	532958	534915	539601	545125	551085	557226	563611	570613	576418	577997	578637	10800	11400	11700	12400	13400	14600	15900	17000	18000	19200	20600	22100	23500	23100	22100
ES21	2114894	2104629	2101091	2096229	2091482	2084996	2078931	2075028	2072017	2069723	2070279	2076441	2082258	2087972	2094909	2103441	2113052	2124235	2138739	2136061	2138588	2140346	13800	14700	15200	16400	17800	19200	20500	21700	23000	24600	26600	28700	30600	31000	29700
ES22	519106	519394	522183	524949	527710	530913	533961	536594	539234	542559	546692	551417	555879	564608	573038	580616	588306	596236	606234	614526	619011	622121	14600	15800	16300	17100	18300	19900	21000	22200	23400	24700	26400	28000	29500	29900	28700
ES23	262941	263475	263698	263382	263056	263237	263331	263620	264106	265274	267911	270991	276679	282074	288384	294347	300821	306254	311773	315718	314005	313146	13300	14100	14600	15500	16500	17800	18700	19400	20600	21400	22500	23900	25100	26400	25000
ES24	1192383	1189497	1191288	1193251	1194609	1195870	1196298	1195793	1195794	1195496	1196027	1198318	1203660	1216127	1228886	1243464	1258847	1275904	1297581	1313735	1313017	1314904	12500	13400	13800	14400	15100	16300	17400	18800	19900	21000	22400	24000	25600	26500	25100
ES30	4931541	4946904	4973115	5002151	5024251	5039452	5055266	5075186	5095698	5128470	5185931	5274180	5426248	5573313	5705620	5821054	5938391	6052583	6189297	6295011	6335807	6369162	15100	16300	16800	18200	19700	21300	22500	23500	24600	25800	27300	29200	30500	30900	30000
ES41	2561818	2547139	2539982	2531131	2523329	2516144	2506764	2496989	2486500	2475112	2464303	2458661	2454546	2458637	2462169	2469303	2477128	2486166	2501860	2510545	2499155	2491409	11100	11800	11900	12400	13200	14100	15100	16200	17300	18500	19800	21300	22700	22500	21900
ES42	1659033	1658573	1665607	1674229	1682857	1692678	1701751	1706562	1712976	1719480	1728782	1740501	1760162	1790436	1823013	1856787	1892657	1929947	1977596	2022647	2035516	2046712	9500	10200	10400	11000	11500	12300	13100	13800	14700	15400	16400	17400	18300	19500	18500
ES43	1066274	1061970	1061732	1061945	1063081	1063977	1063101	1062166	1060657	1058687	1057277	1059901	1058148	1061367	1066149	1068799	1071339	1074419	1078908	1080439	1082792	1083267	7400	7900	8000	8500	9200	9900	10700	11400	12200	13100	14200	15200	16200	16300	15900
ES51	6054382	6060217	6074028	6088795	6099271	6106376	6117984	6135406	6153660	6182921	6216683	6285640	6343786	6492936	6637355	6784145	6936148	7085308	7238051	7290292	7301132	7333532	14100	15300	15700	16400	17700	19000	20400	21400	22400	23600	24800	26400	27500	27600	26500
ES52	3839122	3857243	3869562	3881803	3893638	3905099	3916778	3927802	3942551	3966639	4009994	4073263	4163094	4283217	4400459	4518126	4641240	4759263	4892475	4991789	4994322	5004474	11000	11800	12300	13100	14000	15100	16100	16900	17600	18400	19300	20500	21200	21700	20200
ES53	705700	709200	718686	727724	733919	742436	753620	764629	777893	798961	822337	849986	872836	906266	931831	957953	985620	1014405	1045008	1070066	1079094	1088513	14000	15000	15800	16600	18000	19300	20300	20900	21300	22200	23300	24600	25400	25600	24200
ES61	6896678	6937884	6982531	7023489	7064993	7099540	7125599	7149272	7175845	7202974	7241668	7303603	7360469	7452598	7552978	7670365	7794121	7917397	8046131	8150467	8206057	8256303	8600	9200	9500	9900	10600	11500	12300	13200	14200	15200	16300	17300	18100	18400	17500
ES62	1038380	1045048	1056416	1067842	1079007	1089176	1098386	1109020	1120122	1132821	1148150	1169047	1198606	1232986	1265983	1300083	1335347	1370802	1411623	1443383	1460664	1468130	9600	10200	10700	11300	12000	13100	14000	14800	15800	16500	17700	18700	19500	20400	19100
FI13	706071	706663	707895	709044	708721	707476	704946	701416	696942	691317	686194	680870	676579	672345	669354	667056	664196	660859	657257	654344	652346	650550	15200	14900	15900	16400	17100	18300	19300	19800	20500	21400	22300	23400	25400	26400	24100
FI18	2336461	2351937	2371723	2388400	2405597	2423000	2440914	2457904	2477120	2495947	2513801	2528610	2544709	2557685	2569358	2580801	2595823	2613925	2632744	2653778	2672190	2689904	22500	22800	24400	26400	27900	30000	31500	32200	32100	33600	34500	36300	39000	39800	37200
FI19	1295857	1300085	1304793	1308650	1311353	1313881	1314791	1316084	1316784	1317263	1317215	1317441	1319440	1321583	1325241	1330371	1334293	1338973	1344565	1349600	1355168	1360041	17500	17800	19000	20000	21000	22400	24100	24500	25000	25700	26800	27800	30500	31400	29000
FI1A	611763	615189	619744	623895	627139	629239	630973	631659	631111	629494	628386	628418	628165	628425	629432	631853	634502	636275	638765	641136	643989	646774	17400	16800	18000	18700	19300	21700	21500	23400	24500	25600	26100	27400	29400	30600	26700
FI20	24231	24604	24847	24993	25102	25158	25202	25257	25392	25625	25706	25776	26008	26257	26347	26530	26766	26923	27153	27456	27734	28007	24700	25800	27200	29500	32900	32300	37500	38200	38400	39600	39100	40400	41400	43000	46200
FR10	10644665	10695556	10753276	10793414	10833223	10858975	10883848	10895427	10912622	10946012	11019991	11102824	11185563	11270074	11350290	11442143	11532398	11598866	11659260	11728240	11797021	11866900	30700	31800	32100	33200	35300	37100	38000	39200	40100	40900	42300	43600	48200	49000	47800
FR21	1346963	1348133	1347817	1348898	1349476	1350114	1349022	1347927	1346318	1343266	1342007	1341878	1341635	1340851	1339597	1339400	1338850	1339487	1338004	1337953	1336242	1334998	18800	19400	19500	21000	21500	22400	22500	22900	22800	24700	25000	25800	26500	26900	25100
FR22	1808968	1817666	1826282	1834923	1840447	1846150	1851969	1855412	1856335	1857981	1862938	1868759	1874316	1879079	1883409	1889028	1894355	1900354	1906601	1911157	1914844	1919367	17400	17700	17700	18600	19000	19400	19900	20300	20600	21200	21700	22300	22900	23300	22400
FR23	1735969	1744497	1753445	1760144	1765765	1771034	1774450	1776332	1779392	1780502	1784575	1789406	1794099	1797924	1801791	1806677	1811055	1816716	1825667	1832942	1837388	1843118	18900	19200	19200	20100	20800	21900	22300	22600	22900	24000	24700	25400	26000	26300	25200
FR24	2369808	2381407	2393043	2403487	2410394	2418315	2424326	2432034	2438205	2440295	2450121	2461778	2472978	2484288	2494279	2507246	2519567	2526919	2531588	2538590	2544791	2551372	18800	19100	19100	19900	20500	21200	21900	22400	23000	23700	24100	25000	25000	25500	24900
FR25	1390890	1394761	1397801	1402650	1405337	1408316	1411452	1416140	1418774	1421947	1426928	1432400	1437801	1442916	1447429	1452425	1456793	1461429	1467425	1470880	1473946	1476937	17300	17500	17700	18200	18900	19600	19900	20600	21000	22100	22400	23200	23200	23700	22800
FR26	1609399	1611236	1613265	1614605	1615153	1615509	1614875	1614401	1613233	1610833	1612818	1615651	1618437	1620757	1622456	1626190	1628837	1633891	1638588	1642440	1644756	1647708	18000	18500	18800	19700	20200	21000	21400	21800	22100	23200	23600	24500	25400	25900	24900
FR30	3961703	3965393	3971196	3977782	3981783	3986346	3991531	3994535	3995437	3997467	3997864	4001142	4005577	4008628	4010548	4015613	4018644	4021676	4024490	4033197	4035269	4038280	16100	16600	16600	17500	17900	18500	19100	19700	20300	21100	21700	22900	24000	24600	23900
FR41	2304291	2304714	2307592	2311514	2313867	2315488	2315782	2316244	2312566	2311655	2314909	2318791	2323026	2326019	2328136	2332468	2335749	2339881	2346361	2350112	2352324	2354876	17600	17700	17700	18600	18700	19600	20200	20700	21000	22100	22500	23200	23200	23800	23000
FR42	1622810	1635430	1647964	1662967	1675733	1687475	1699339	1710779	1719985	1732588	1743955	1756078	1768054	1779575	1791145	1803402	1815493	1827248	1837087	1843053	1851443	1860243	21100	21600	21400	22300	22800	23600	24100	24400	24500	25400	25500	26400	27800	28300	27500
FR43	1096427	1099304	1102326	1105411	1107794	1111540	1113796	1114719	1115914	1117253	1121512	1126695	1131455	1135982	1140478	1145744	1150624	1158671	1163931	1168208	1172549	1177295	17900	18200	18200	19100	19700	21000	21800	22200	22200	23100	23300	23800	23800	24300	23300
FR51	3055197	3071600	3090225	3110784	3128438	3145757	3164039	3182305	3200459	3219960	3248994	3281679	3314649	3347675	3379784	3415391	3450413	3482594	3510170	3539048	3566686	3594865	18000	18600	18600	19600	20300	21400	22300	22800	23200	24000	24700	25500	26700	27100	26100
FR52	2794317	2803483	2811473	2822722	2830583	2840680	2853664	2870354	2888237	2904075	2927612	2954324	2981765	3009249	3037077	3066585	3094534	3120288	3149701	3175064	3197975	3221451	17000	17500	17900	18700	19300	20400	21100	21500	22100	23300	24100	25100	24900	25400	24500
FR53	1595217	1600538	1605587	1609907	1613361	1619284	1623721	1628078	1635088	1639735	1650378	1662133	1674460	1686472	1698020	1711307	1724123	1739780	1752708	1760575	1770149	1780379	16900	17300	17600	18300	18700	19600	20200	20900	21400	22400	22800	23500	23600	24100	23400
FR61	2795610	2810508	2824048	2837490	2845808	2855720	2864475	2876822	2888793	2906748	2933223	2962914	2993132	3023922	3054587	3088196	3119778	3150890	3177625	3206137	3231860	3258176	18200	18800	19200	20200	20100	21100	22300	23000	23100	23800	24600	25800	25900	26300	26100
FR62	2431081	2445108	2461633	2476375	2483633	2494806	2506942	2520325	2533766	2550275	2578254	2609222	2641980	2674559	2707583	2743073	2776822	2810247	2838228	2862707	2889236	2916076	18000	18300	18700	19300	20000	20700	21900	22500	23100	23600	24600	26200	26100	26500	26200
FR63	723460	721882	720921	719702	718530	716942	715315	714047	712602	711471	713249	715796	718716	721351	723906	727487	730920	737001	740743	741785	744187	746691	16600	17000	17100	17900	18500	19300	20000	20800	21000	21500	22400	23200	22700	23300	22700
FR71	5346407	5389048	5433044	5474915	5498280	5525090	5551758	5580618	5608783	5640234	5688524	5741877	5796144	5850513	5904729	5963736	6021346	6065959	6117229	6174040	6222045	6272467	20400	21100	21600	22500	23000	24100	24700	25000	25700	26800	27400	28800	30100	30600	29400
FR72	1321761	1319717	1317402	1315977	1314015	1312232	1310888	1310231	1309619	1309374	1312227	1315944	1319800	1323406	1327104	1331779	1335938	1339247	1341863	1343964	1345712	1347794	16800	17300	17700	18800	19300	19900	20300	20900	21400	22300	22900	23700	23900	24400	23600
FR81	2115168	2135522	2153832	2175024	2192819	2209034	2229405	2249187	2273724	2292405	2322072	2353629	2388723	2424518	2459969	2497718	2534144	2560870	2581718	2610890	2636321	2661449	15800	16200	16400	17000	17700	18300	19100	19500	20000	20900	21400	22400	23200	23700	23300
FR82	4257244	4293499	4326663	4356875	4383592	4405312	4426194	4451004	4479644	4502385	4541508	4584379	4629496	4675056	4719132	4768564	4815232	4864015	4882913	4889053	4916930	4944390	18800	19200	19100	19900	20500	21800	22700	23200	23800	24900	25900	27000	27200	27800	27300
FR83	249645	251659	251698	253595	256977	258416	259168	259097	259466	260152	264539	269273	274093	279027	283972	289092	294118	299209	302966	305674	309339	312936	14800	14900	15500	16300	17200	17700	18500	18700	19100	20000	21000	22000	23500	23900	24400
GR11	556773	568309	576447	581769	586218	590059	593580	596979	600023	602746	605077	607035	606633	606319	605565	607847	607460	607205	606684	606622	606721	606004	7700	8300	8800	8900	9600	9400	10200	10400	11500	12200	12800	13400	14600	15100	15300
GR12	1684046	1703299	1737169	1761310	1781446	1799383	1815600	1830288	1843793	1855757	1866287	1875258	1888631	1901930	1909297	1911508	1919401	1927823	1935660	1944793	1954582	1956233	9200	10500	11500	11500	12400	11700	12000	12500	13800	15100	13900	15000	16200	16900	16600
GR13	288309	288451	289520	290435	291300	292024	292831	293220	293722	293936	294277	294331	294580	294830	294470	294508	294155	293864	293519	293172	293061	292540	9500	10200	11800	12000	12600	11500	11900	13200	14100	14900	15700	17100	18800	19100	18800
GR14	728689	729086	732480	735639	738231	740158	741480	742328	742681	742410	741771	740454	739082	738256	737340	737583	737144	737034	736079	735885	736083	735410	8400	9100	9900	10300	10900	10700	11400	12100	13600	14800	13700	14800	15300	16000	15800
GR21	328802	326850	328676	330096	331455	332671	333879	334729	335604	336164	336508	336445	337265	338028	340854	341851	345100	348520	351786	355175	359096	357203	6900	7400	8600	8800	9800	10700	11200	11700	13100	14200	12700	13200	14100	14400	14200
GR22	187019	188359	192865	196315	199232	201536	203606	205080	206506	207573	208690	209545	213077	216255	218594	220398	223149	225879	228572	231514	234440	234332	8000	8800	10300	10200	11000	12300	13200	14000	15600	16400	17300	17600	19000	19400	17700
GR23	697671	693742	700602	705875	710257	713816	716813	718992	720593	721621	722003	721749	724647	728083	730238	732292	734505	736899	738955	742038	745397	745786	7900	8500	9000	9000	9400	9900	10500	11100	12400	13100	13300	14100	14600	14900	14300
GR24	556404	547784	549933	552174	554630	556874	558844	560396	561323	561389	560751	558694	559797	560768	559351	558503	557364	556441	555069	554426	554359	554609	14100	15700	16600	16500	16800	15200	15400	15700	16700	17700	17000	17900	18600	19300	19000
GR25	586196	573854	577167	580649	584217	587738	590808	593895	596166	597736	598474	597927	599637	601307	599199	598156	596621	595092	593378	592017	591230	589790	8500	9200	10500	10900	11700	12500	12400	12900	13900	14900	14300	15600	16500	16700	16600
GR30	3533023	3584554	3627477	3664438	3700218	3735432	3769742	3802175	3831830	3857562	3878199	3892519	3904292	3915912	3940099	3973326	4001911	4032456	4061326	4088447	4109748	4113979	10200	10600	11400	11600	12600	14300	15500	16900	18600	19800	22300	24300	25800	26900	27000
GR41	191923	201318	201523	201843	202297	202778	203402	203710	204248	204629	205031	205158	204586	204071	203169	202402	201731	201083	200517	200275	199968	199603	7900	8600	9900	10000	11200	10200	11900	11900	13900	14000	13900	14900	16200	17200	16600
GR42	249156	252991	261701	267973	273289	278031	282397	286354	289918	293128	295864	298133	299995	301722	302549	303114	303980	304975	305966	307228	308647	310805	10200	11600	13100	13000	14400	15400	15900	16900	18500	19300	21300	22300	24000	25700	24800
GR43	532881	534314	544112	551543	558206	564574	570714	576503	581951	586751	590825	593958	596486	598896	599925	601263	602658	604469	606274	608810	611786	613591	9300	10400	11100	11100	12100	12500	13100	14300	15300	16200	16200	17000	18000	18800	18400
IE01	:	:	:	:	:	:	:	969402	975844	983495	996085	1010467	1032218	1052684	1073820	1098144	1126474	1153796	1179280	1199297	1204423	1210268	10500	12000	13800	15100	17000	19700	21600	22500	24100	26400	27800	29500	30300	29000	25000
IE02	:	:	:	:	:	:	:	2685553	2717738	2748706	2781678	2822506	2867658	2910981	2953912	3011029	3082545	3158730	3222055	3250733	3263431	3270590	15800	17800	21900	23700	27000	30700	33800	37300	39300	40900	43500	46300	48300	44700	40000
ITC1	4324173	4307852	4298870	4288065	4274380	4261168	4250494	4245330	4238764	4232495	4225083	4219509	4213294	4231334	4270215	4330172	4341733	4352828	4401266	4432571	4446230	4457335	:	:	:	:	:	:	:	:	:	:	:	:	28900	28700	27100
ITC2	114409	115275	115896	116244	116389	116653	117063	117588	118071	118615	118861	119248	119546	120909	122040	122868	123978	124812	125979	127065	127866	128230	:	:	:	:	:	:	:	:	:	:	:	:	32300	33500	32300
ITC3	1694410	1684514	1674120	1662053	1652196	1641159	1629143	1618812	1608299	1597964	1587787	1579106	1570004	1572197	1577474	1592309	1610134	1607878	1609822	1615064	1615986	1616788	:	:	:	:	:	:	:	:	:	:	:	:	27600	28200	27100
ITC4	8837150	8849595	8860344	8874313	8875372	8875974	8881327	8901539	8922361	8944601	8971148	9004085	9033602	9108645	9246796	9393092	9475202	9545441	9642406	9742676	9826141	9917714	:	:	:	:	:	:	:	:	:	:	:	:	33300	34200	32500
ITD1	437426	438916	440635	442450	444327	446195	448361	450683	453549	455859	458553	461111	463207	467338	471635	477067	482650	487673	493910	498857	503434	507657	:	:	:	:	:	:	:	:	:	:	:	:	35900	36400	36100
ITD2	445997	448280	449805	451606	453863	455982	458159	460984	463899	467025	470505	474305	477359	483157	490829	497546	502478	507030	513357	519800	524826	529457	:	:	:	:	:	:	:	:	:	:	:	:	31000	31100	30400
ITD3	4364265	4372865	4381173	4388825	4394897	4400073	4409243	4426481	4444340	4464206	4485059	4508549	4529823	4577408	4642899	4699950	4738313	4773554	4832340	4885548	4912438	4937854	:	:	:	:	:	:	:	:	:	:	:	:	30800	30500	29200
ITD4	1200155	1198178	1196164	1191952	1186719	1183131	1180292	1177870	1177178	1177047	1178264	1181210	1183603	1191588	1198187	1204718	1208278	1212602	1222061	1230936	1234079	1235808	:	:	:	:	:	:	:	:	:	:	:	:	30400	29900	28200
ITD5	3901389	3905465	3908466	3901533	3899076	3895014	3897117	3906070	3915305	3927160	3945470	3966338	3984526	4030220	4080479	4151369	4187557	4223264	4275802	4337979	4377435	4414293	:	:	:	:	:	:	:	:	:	:	:	:	32800	32700	31000
ITE1	3533095	3531357	3526897	3521712	3515048	3505309	3498181	3494793	3492712	3490565	3491580	3495077	3497042	3516296	3566071	3598269	3619872	3638211	3677048	3707818	3730130	3749813	:	:	:	:	:	:	:	:	:	:	:	:	28200	28200	27800
ITE2	809605	810623	811504	810885	812455	813664	814173	816105	817638	818737	820844	824194	826196	834210	848022	858938	867878	872967	884450	894222	900790	906486	:	:	:	:	:	:	:	:	:	:	:	:	24900	24800	23400
ITE3	1422531	1426238	1428737	1430147	1432573	1435302	1438376	1442466	1446909	1452150	1457539	1463951	1471123	1484601	1504827	1518780	1528809	1536098	1553063	1569578	1577676	1583460	:	:	:	:	:	:	:	:	:	:	:	:	26900	26400	25600
ITE4	5115628	5130191	5142908	5159157	5157006	5154261	5148923	5143465	5135769	5125728	5119323	5119189	5117075	5145805	5205139	5269972	5304778	5493308	5561017	5626710	5681868	5728688	:	:	:	:	:	:	:	:	:	:	:	:	30600	30300	29500
ITF1	1243014	1245844	1249558	1252191	1252332	1254352	1255514	1257426	1259153	1260492	1261117	1261287	1262379	1273284	1285896	1299272	1305307	1309797	1323987	1334675	1338898	1342366	:	:	:	:	:	:	:	:	:	:	:	:	21700	22000	21000
ITF2	330382	330557	330605	329889	329523	329214	328100	327041	325621	324125	322772	321467	320467	321047	321697	321953	320907	320074	320838	320795	320229	319780	:	:	:	:	:	:	:	:	:	:	:	:	21200	20800	20500
ITF3	5607965	5621030	5631686	5655559	5674718	5691818	5703781	5715238	5723749	5722729	5717694	5708759	5701389	5725098	5760353	5788986	5790929	5790187	5811390	5812962	5824662	5834056	:	:	:	:	:	:	:	:	:	:	:	:	16700	16700	16400
ITF4	4013227	4025392	4031540	4039668	4049795	4055934	4057268	4054098	4051043	4042633	4034887	4026945	4019500	4023957	4040990	4068167	4071518	4069869	4076546	4079702	4084035	4091259	:	:	:	:	:	:	:	:	:	:	:	:	17200	17100	16800
ITF5	611029	610970	610394	610191	610022	609799	608902	607150	605768	603507	601399	599350	597468	596821	597000	596546	594086	591338	591001	590601	588879	587517	:	:	:	:	:	:	:	:	:	:	:	:	18700	18700	18300
ITF6	2080660	2075886	2069008	2065139	2067242	2064883	2062112	2056715	2050493	2041446	2028592	2019405	2009623	2007392	2011338	2009268	2004415	1998052	2007707	2008709	2009330	2011395	:	:	:	:	:	:	:	:	:	:	:	:	16600	16900	16500
ITG1	4969910	4970805	4966884	4981012	4994781	5004913	5009331	5010307	5011170	5004493	4994427	4979647	4965669	4972124	5003262	5013081	5017212	5016861	5029683	5037799	5042992	5051075	:	:	:	:	:	:	:	:	:	:	:	:	17000	17200	16700
ITG2	1637940	1644286	1648005	1649493	1650731	1651147	1650440	1649117	1646474	1642057	1638573	1635003	1630847	1637639	1643096	1650052	1655677	1659443	1665617	1671001	1672404	1675411	:	:	:	:	:	:	:	:	:	:	:	:	19600	20100	19500
NL12	599151	600013	601839	603998	607016	609579	612028	615045	618115	621222	624500	630539	636184	639787	642066	642977	642230	642209	643189	644811	646305	647282	17300	17500	17900	18900	19700	21400	23000	23100	23800	23900	25200	26400	28000	28800	28200
NL13	441028	443510	445596	448256	451409	454864	457316	460817	464672	467093	469806	474506	478799	481254	482415	483369	484481	486197	488135	489918	490981	491411	17900	18000	18300	18600	19400	20900	22300	22800	23100	23200	24500	25400	27200	27900	26500
NL21	1020424	1026325	1032418	1039083	1044648	1050389	1053966	1057944	1063527	1070444	1077625	1086280	1094032	1100677	1105512	1109432	1113529	1116374	1119994	1125435	1130345	1134465	18100	18400	18800	19700	21200	22800	24200	24800	25400	25900	26800	28000	29800	31200	30000
NL22	1804209	1816935	1828808	1839883	1851402	1864732	1876299	1886109	1895656	1906778	1919158	1934314	1949233	1960422	1966929	1972010	1975704	1979059	1983869	1991062	1998936	2004671	17700	18000	18700	19600	20800	22200	23700	24300	24800	25200	26000	27700	29400	30300	29600
NL31	1015515	1026841	1037294	1047035	1056033	1063460	1070585	1079428	1088621	1098722	1107849	1117997	1139925	1152218	1162258	1171291	1180039	1190604	1201350	1210869	1220910	1228794	24400	25400	26000	28100	30800	32600	35100	35500	35600	36300	37500	38800	40900	41600	41200
NL32	2376015	2397088	2421665	2440165	2457329	2463611	2468432	2474754	2486105	2503158	2518354	2534599	2559477	2573120	2587265	2599103	2606584	2613070	2626163	2646445	2669084	2691477	23600	24100	25100	26500	28300	30000	31400	33700	34300	35300	36600	37800	39500	40400	39500
NL33	3221475	3247282	3273460	3297241	3314577	3325064	3332860	3344695	3359047	3378770	3397744	3420700	3423780	3439982	3451942	3458381	3458875	3455097	3461435	3481558	3505611	3528324	20900	21400	22000	23300	24700	26600	28300	29100	29800	30600	32200	33600	35800	36500	34400
NL34	355947	357454	359205	361195	363867	365846	367354	368426	369949	370571	371866	374920	377235	378348	379028	379978	380186	380497	380585	380984	381409	381530	19900	19700	19400	20100	21000	22600	23700	25600	26700	27200	27800	29000	31900	33700	31900
NL41	2189481	2209047	2225331	2243546	2259779	2276207	2290424	2304094	2319262	2337709	2356004	2375116	2391123	2400198	2406994	2411359	2415946	2419042	2424827	2434560	2444158	2454215	20500	21100	21800	22700	24600	26600	28000	28600	29100	30000	31300	33000	34600	35700	34700
NL42	1103960	1109841	1115485	1119942	1125187	1130050	1133669	1136199	1137935	1139302	1141192	1142679	1143296	1141889	1139335	1136695	1131938	1127805	1123705	1122604	1122701	1122627	18200	18400	19200	20400	22000	23300	24700	25800	26100	27100	27700	29100	31200	31900	30000
PT11	:	3518950	3511771	3516484	3527789	3541805	3555975	3570785	3586258	3603618	3621210	3643795	3667529	3691922	3711797	3727310	3737791	3744341	3745236	3745439	3745575	3741092	7500	8000	8400	8900	9500	10000	10600	10900	10800	11100	11500	11900	12700	12900	12600
PT15	:	344830	341075	343336	345970	349658	353309	357472	363387	369298	375841	383399	390933	398370	405380	411468	416847	421528	426386	430084	434023	437643	9800	10200	10900	11600	12600	13500	14500	15000	15500	15800	16300	16900	17800	17800	16800
PT16	:	:	2272111	2270518	2271336	2276261	2281286	2286788	2294537	2302787	2312390	2325161	2339559	2354550	2366691	2376609	2382448	2385891	2385911	2383284	2381068	2375902	7600	8100	8500	9100	9900	10600	11000	11300	11700	12000	12300	12700	13300	13300	13200
PT17	:	:	2574265	2581419	2585705	2593283	2599990	2608986	2619382	2629432	2643253	2661748	2686872	2714614	2740237	2760697	2779097	2794226	2808414	2819433	2830867	2839908	12400	13100	14200	15300	16500	17500	18300	19100	19300	20100	20700	21300	22400	22700	22300
PT18	:	:	772760	770509	768468	767593	766356	764975	764810	764468	764653	765742	766529	767983	767549	767679	765971	764285	760933	757069	753407	749055	8300	8800	9500	9900	10300	11400	11900	12200	12700	13200	13500	14300	14800	14800	14300
SE01	1629631	1641669	1654512	1669840	1686230	1708502	1725756	1744330	1762924	1783440	1803377	1823210	1838882	1850467	1860872	1872900	1889945	1918104	1949516	1981263	2019182	2054343	28800	33200	35100	36200	38400	42000	38900	40900	42300	44600	45900	47700	50500	49400	45200
SE02	1445640	1458482	1469882	1479157	1489881	1500619	1501136	1498037	1495407	1492338	1490348	1492078	1497304	1503423	1509841	1514549	1518077	1524509	1534529	1545587	1558292	1569248	19300	21600	21600	22000	23300	25900	24500	25900	26700	27700	28200	30100	31700	30900	26600
SE04	1207975	1219151	1229393	1237955	1245220	1259002	1264468	1266340	1268295	1271840	1274411	1279816	1286588	1294965	1302586	1311254	1320160	1335936	1351257	1367017	1383653	1396556	20200	22700	23600	23400	25000	27600	25700	27100	27900	28900	29400	31000	33600	31500	26800
SE06	857268	861471	863914	864126	865347	866355	862476	857107	850046	843437	837892	832524	829114	827067	826949	826188	825037	824853	825000	825149	825931	826820	20200	22000	22200	22300	23900	26200	24400	25800	26900	28100	28700	30400	31600	31200	26300
SE07	395277	396881	397289	396739	396640	396596	393874	391148	387497	383650	380004	376469	373664	372266	371750	371619	370764	370998	370386	370269	369708	369316	21800	23300	23500	24000	25000	27700	27500	27900	28500	29800	30600	31700	32400	33400	28800
SE08	512972	515703	518669	522076	525263	527423	526483	524215	521480	518276	514804	511878	509551	508862	508830	509460	509392	509467	508195	507489	507567	507895	20500	22300	22500	22400	23600	25900	25000	26300	27600	29400	30500	33500	33800	34800	27700
SE09	796058	801255	804531	805303	807848	812447	811464	808248	805040	801884	798344	797172	796515	796957	798528	799739	800054	802247	805353	807871	810066	811611	20100	22900	22900	23400	24100	27200	25500	26900	27900	29000	28300	30900	33100	32600	26900
SE0A	1682218	1696018	1705930	1716817	1728680	1745437	1751839	1755074	1756936	1759457	1762246	1769645	1777510	1786781	1796314	1805683	1814323	1827143	1838691	1851702	1866283	1879781	20900	23100	23600	23800	26200	28900	27700	28600	30400	31200	31700	33900	35300	34600	29300
UKC1	1159687	1163422	1157900	1157800	1157600	1156600	1154600	1152200	1150300	1148500	1147177	1146454	1145586	1145501	1146354	1148530	1151783	1155938	1161012	1165237	1170984	:	12400	13100	16000	16500	17600	19800	19500	19400	19300	21200	20800	22100	23300	20300	17700
UKC2	1436201	1436787	1431200	1434800	1433700	1429000	1425000	1420100	1414200	1407100	1399690	1395301	1394683	1394921	1394326	1395900	1398535	1400640	1404534	1412218	1424460	:	12400	13200	16300	18000	19100	21200	22300	23800	22500	23900	25400	26500	27200	23400	20200
UKD1	489474	489411	486800	487200	487100	486900	486800	487500	488600	488600	487874	487699	488319	490102	493136	495780	496696	496754	496329	495466	494697	:	13700	14400	17100	18300	18600	20800	20400	21600	21400	22200	22300	24800	26800	23100	20000
UKD2	959838	963198	963500	967000	971200	974200	976500	978600	980900	981200	981252	983061	984614	987062	990249	993525	996868	999594	1001915	1004283	1007486	:	16600	17700	22800	24800	26500	28900	31000	31200	29200	30600	31800	33500	34900	30700	25900
UKD3	2558112	2565659	2552400	2551100	2548300	2542900	2535800	2526600	2521900	2518700	2515913	2516217	2517039	2523138	2531852	2539638	2549003	2559796	2572725	2590437	2615144	:	13800	15000	18700	20100	22100	24900	25500	26000	25000	27200	27500	28700	29700	25300	21900
UKD4	1402805	1407845	1403900	1408500	1412800	1414300	1413400	1411900	1412200	1411800	1412499	1415703	1419139	1425272	1433392	1440798	1445700	1447343	1446401	1445422	1447496	:	13400	14200	16800	18000	19500	21600	21800	22500	21400	22800	23400	24100	25300	21900	19100
UKD5	1451562	1449808	1435500	1430100	1423400	1415100	1406300	1397400	1389700	1382400	1376131	1370925	1365849	1362314	1360183	1359066	1357175	1354354	1351546	1350404	1351998	:	10800	11300	14100	15800	16500	19600	19500	21200	20000	20900	21500	22700	23800	20700	18100
UKE1	870198	874911	873600	876800	880600	882900	881500	879200	877400	875800	874433	874791	878271	884562	892191	899216	904502	908488	912563	916242	919438	:	13800	15100	18200	19000	19000	21600	21900	23300	21900	23800	23900	24700	25900	21800	19300
UKE2	713271	716863	715900	717100	718400	722600	726500	729300	732400	736800	741936	748051	753835	758794	764293	769504	773926	778922	785045	792416	799304	:	13800	15000	19000	19800	21000	24600	24900	26000	25400	26500	26200	27500	29200	24900	21200
UKE3	1299610	1301230	1288500	1287700	1285400	1282000	1279400	1277400	1274900	1271800	1268131	1266406	1268270	1271957	1276915	1284068	1290744	1296829	1303766	1312256	1322813	:	11200	12000	14900	16900	17400	20200	20700	21700	20600	22500	23100	24500	25700	21600	18800
UKE4	2072546	2079616	2064600	2070000	2072600	2072800	2073500	2073500	2072900	2072700	2072967	2078378	2089033	2100386	2114655	2136037	2159433	2179858	2198228	2216876	2238127	:	14300	15300	19200	20700	23100	25500	26200	26700	25500	26900	27400	28600	29100	25700	21900
UKF1	1952909	1959749	1954500	1960300	1963800	1966400	1968900	1970900	1973300	1976300	1978406	1981104	1989303	2001609	2015028	2029043	2041575	2052460	2064468	2076448	2089452	:	13700	14700	17900	19200	21000	23400	24200	25400	23800	25500	26500	27700	28600	24500	21300
UKF2	1466702	1476169	1477600	1487900	1496900	1506300	1516100	1524100	1529600	1536900	1545417	1553843	1564441	1576095	1588552	1603268	1620689	1638830	1655137	1667110	1676416	:	14800	16000	20300	22300	23300	26800	26700	27200	26700	29000	29400	30600	32200	27900	24100
UKF3	584495	588733	592000	598100	603100	609000	614900	619200	623600	629400	636436	643901	651858	660193	669269	676972	682591	688531	693583	696764	700466	:	12800	13800	17000	17100	17300	19400	20900	21800	21400	21500	21000	22700	23800	20500	18000
UKG1	1167642	1171674	1163800	1170900	1177800	1184000	1188300	1194000	1201700	1207200	1211678	1218862	1226456	1232993	1238716	1244408	1250561	1257082	1264200	1269159	1271724	:	13400	14700	17500	19400	21500	23800	24300	24500	23000	25100	25800	27900	28200	24700	21400
UKG2	1452300	1458150	1452500	1455300	1459300	1464400	1466900	1469900	1476100	1480100	1482312	1486606	1490862	1494722	1499469	1503834	1507519	1510856	1515528	1520116	1524515	:	12200	13300	16400	18200	18500	20600	20600	21900	20900	22400	22500	24200	25200	21600	18800
UKG3	2625542	2627840	2617200	2615400	2610500	2604700	2604800	2598700	2589000	2584400	2576802	2569707	2569987	2574112	2578649	2587313	2596626	2602343	2613665	2630480	2646889	:	14900	15800	20300	21400	23100	25900	26600	27200	26000	27200	27600	28100	29600	25100	21400
UKH1	2051184	2069984	2070500	2074300	2079900	2091300	2106100	2121700	2137800	2151800	2165948	2177336	2187310	2205526	2226918	2249877	2272258	2292620	2316063	2336947	2358545	:	14400	15400	18800	19700	21100	24400	25400	26400	25200	27500	28000	30400	31200	26300	22600
UKH2	1510025	1516673	1518400	1525400	1531700	1538800	1545000	1553100	1564000	1576500	1588427	1598495	1607509	1615272	1620707	1628233	1639929	1653870	1672604	1691975	1711506	:	15800	17100	21600	24500	26500	30600	31100	32100	29900	32400	34500	34500	35900	31300	26500
UKH3	1541122	1544745	1543000	1548800	1554500	1561700	1568100	1575000	1582700	1592100	1602472	1611887	1620302	1628280	1636766	1647665	1660011	1674480	1694348	1713070	1729185	:	12500	13400	17000	18200	19300	22300	22500	23400	23800	25300	25100	26600	28200	24000	20400
UKI1	:	:	2598700	2599900	2607000	2620500	2642500	2664400	2685800	2725000	2777832	2832162	2874029	2891578	2903040	2929668	2961715	2989558	3016740	3045580	3072182	:	37100	40700	51800	56300	61800	69600	71800	75700	73700	78900	82300	88800	93900	85100	75900
UKI2	:	:	4230700	4237100	4252000	4272800	4301300	4330300	4354400	4384700	4417479	4447395	4471626	4482716	4493346	4519340	4554034	4584846	4618548	4665362	4717185	:	14100	15200	19000	21200	23000	25400	25100	25900	24800	26800	27300	28400	30100	25500	22000
UKJ1	1954545	1969026	1969900	1981800	1992900	2012400	2032500	2048700	2062500	2075400	2088952	2098583	2103322	2108852	2117761	2131442	2148738	2167656	2190256	2213732	2239547	:	18600	19900	24900	29000	32300	36100	36100	37700	36700	40000	40500	41900	44300	38000	32500
UKJ2	2442830	2454007	2445100	2449500	2455800	2466800	2477700	2491900	2507500	2527500	2545994	2553979	2560171	2566656	2575492	2587164	2602798	2622408	2643994	2664364	2687897	:	15400	16600	21600	22700	25000	28900	29800	30600	29300	30600	31100	33400	34800	30100	25900
UKJ3	1697581	1703752	1699300	1704900	1713100	1724200	1734400	1743900	1752200	1761400	1769787	1777436	1785116	1792884	1800780	1810739	1821917	1833776	1849182	1863510	1876967	:	13600	15700	19400	21400	22500	24900	26600	27900	25900	28000	29000	31000	32800	28600	25200
UKJ4	1529638	1533647	1528600	1528700	1530600	1533900	1537100	1542200	1548700	1557600	1568128	1577025	1584611	1593050	1603227	1614419	1625128	1636050	1648570	1660504	1674986	:	12700	13200	16200	17600	19300	21600	22500	23500	22900	24500	25700	26400	27600	24200	20600
UKK1	2057601	2068527	2068000	2078200	2087800	2096900	2104900	2116800	2130300	2143700	2157968	2168292	2177935	2190684	2207772	2229492	2250583	2273243	2297109	2316751	2339669	:	15800	17700	22500	25000	26400	29100	30000	31500	30500	32300	32500	33600	35400	30300	26100
UKK2	1120995	1126364	1126200	1132600	1139300	1147700	1153800	1160400	1167900	1173300	1180185	1188368	1195728	1201511	1205588	1210699	1217045	1225550	1233089	1234465	1236950	:	12500	13100	16200	17600	19700	23300	22900	23000	22300	24000	25600	26900	27800	24200	21400
UKK3	:	:	472300	473900	476100	478900	480600	483000	486600	490300	495030	499775	504890	510103	514233	517999	521941	526235	530037	532376	535365	:	9100	9800	11900	12800	13500	15900	16500	18500	17900	18700	18600	20900	21500	19200	16500
UKK4	:	:	1034600	1039100	1042200	1046000	1048200	1050000	1053600	1057900	1065833	1073784	1079364	1085364	1093655	1104299	1115002	1126126	1134198	1137222	1140502	:	12700	13600	16500	16400	18200	20200	21600	22300	20800	23400	23600	25600	26200	22900	19800
UKL1	:	:	1857400	1859400	1861000	1860700	1858000	1855700	1854400	1852900	1852710	1853860	1856794	1862445	1869992	1874798	1878273	1884553	1890981	1894551	1895856	:	11000	11800	14100	14600	15200	17300	17300	18200	17200	18400	19500	20300	21000	18100	15700
UKL2	:	:	1017900	1021200	1024500	1027300	1031900	1037400	1042800	1047100	1051024	1054692	1057442	1061092	1066155	1071998	1077754	1084483	1092132	1100148	1107019	:	15200	15800	19800	21700	23600	25700	26900	27200	26500	28300	28000	29700	31000	26600	22700
UKM1	:	:	1017900	1021200	1024500	1027300	1031900	1037400	1042800	1047100	1051024	1054692	1057442	1061092	1066155	1071998	1077754	1084483	1092132	1100148	1107019	:	15200	15800	19800	21700	23600	25700	26900	27200	26500	28300	28000	29700	31000	26600	22700
UKM2	:	:	:	1943554	1950684	1957633	1956650	1959488	1959268	1964270	1898002	1902374	1904354	1905787	1914347	1927570	1941100	1956616	1972075	1986637	2002483	:	15200	16700	20600	21700	22900	25800	26100	27800	26600	28700	29400	31800	33400	28600	25100
UKM3	:	:	:	2364348	2364863	2360979	2354711	2349706	2351916	2345903	2293410	2287840	2284726	2281041	2281482	2282744	2283400	2285828	2289224	2293376	2297793	:	13600	14300	17800	19300	20700	23600	24300	24900	24400	26100	27400	28700	29900	26400	22900
UKM4	:	:	:	2364348	2364863	2360979	2354711	2349706	2351916	2345903	2293410	2287840	2284726	2281041	2281482	2282744	2283400	2285828	2289224	2293376	2297793	:	13600	14300	17800	19300	20700	23600	24300	24900	24400	26100	27400	28700	29900	26400	22900
UKN0	1586162	1595371	1609897	1625117	1636811	1645336	1663305	1680291	1684471	1691824	1681179	1686348	1693190	1699841	1706687	1717584	1733000	1750597	1767300	1782163	1794362	:	11800	12800	15900	17200	18600	21500	21900	22500	21600	23300	24000	25300	26300	22300	19000